date,flow_windsor,storage,shortfall_london,restrictions
2020-01-01,6617,202828,0,0
2020-01-02,6333,202828,0,0
2020-01-03,6501,202828,0,0
2020-01-04,6339,202828,0,0
2020-01-05,6040,202828,0,0
2020-01-06,7152,202828,0,0
2020-01-07,7257,202828,0,0
2020-01-08,7044,202828,0,0
2020-01-09,6665,202828,0,0
2020-01-10,6288,202828,0,0
2020-01-11,5953,202828,0,0
2020-01-12,6524,202828,0,0
2020-01-13,11294,202828,0,0
2020-01-14,10543,202828,0,0
2020-01-15,9524,202828,0,0
2020-01-16,8660,202828,0,0
2020-01-17,9117,202828,0,0
2020-01-18,9058,202828,0,0
2020-01-19,9230,202828,0,0
2020-01-20,8609,202828,0,0
2020-01-21,8209,202828,0,0
2020-01-22,7687,202828,0,0
2020-01-23,7638,202828,0,0
2020-01-24,14508,202828,0,0
2020-01-25,13326,202828,0,0
2020-01-26,12064,202828,0,0
2020-01-27,13333,202828,0,0
2020-01-28,12237,202828,0,0
2020-01-29,11226,202828,0,0
2020-01-30,10380,202828,0,0
2020-01-31,9710,202828,0,0
2020-02-01,9303,202828,0,0
2020-02-02,8768,202828,0,0
2020-02-03,8273,202828,0,0
2020-02-04,7971,202828,0,0
2020-02-05,7590,202828,0,0
2020-02-06,7229,202828,0,0
2020-02-07,6906,202828,0,0
2020-02-08,7969,202828,0,0
2020-02-09,7759,202828,0,0
2020-02-10,7364,202828,0,0
2020-02-11,7196,202828,0,0
2020-02-12,7622,202828,0,0
2020-02-13,7342,202828,0,0
2020-02-14,6971,202828,0,0
2020-02-15,6732,202828,0,0
2020-02-16,10918,202828,0,0
2020-02-17,13907,202828,0,0
2020-02-18,12759,202828,0,0
2020-02-19,11662,202828,0,0
2020-02-20,11307,202828,0,0
2020-02-21,10513,202828,0,0
2020-02-22,9796,202828,0,0
2020-02-23,9182,202828,0,0
2020-02-24,8673,202828,0,0
2020-02-25,8199,202828,0,0
2020-02-26,7781,202828,0,0
2020-02-27,7408,202828,0,0
2020-02-28,7074,202828,0,0
2020-02-29,6772,202828,0,0
2020-03-01,6494,202828,0,0
2020-03-02,6241,202828,0,0
2020-03-03,6006,202828,0,0
2020-03-04,5785,202828,0,0
2020-03-05,5576,202828,0,0
2020-03-06,5381,202828,0,0
2020-03-07,5625,202828,0,0
2020-03-08,5993,202828,0,0
2020-03-09,5916,202828,0,0
2020-03-10,6387,202828,0,0
2020-03-11,6931,202828,0,0
2020-03-12,6671,202828,0,0
2020-03-13,6286,202828,0,0
2020-03-14,5947,202828,0,0
2020-03-15,5633,202828,0,0
2020-03-16,5411,202828,0,0
2020-03-17,6228,202828,0,0
2020-03-18,6173,202828,0,0
2020-03-19,5885,202828,0,0
2020-03-20,5579,202828,0,0
2020-03-21,5294,202828,0,0
2020-03-22,5119,202828,0,0
2020-03-23,4906,202828,0,0
2020-03-24,4926,202828,0,0
2020-03-25,4800,202828,0,0
2020-03-26,4615,202828,0,0
2020-03-27,5147,202828,0,0
2020-03-28,5130,202828,0,0
2020-03-29,4897,202828,0,0
2020-03-30,4726,202828,0,0
2020-03-31,4510,202828,0,0
2020-04-01,8663,202828,0,0
2020-04-02,10063,202828,0,0
2020-04-03,9346,202828,0,0
2020-04-04,9691,202828,0,0
2020-04-05,9208,202828,0,0
2020-04-06,8543,202828,0,0
2020-04-07,9863,202828,0,0
2020-04-08,9174,202828,0,0
2020-04-09,9847,202828,0,0
2020-04-10,10771,202828,0,0
2020-04-11,9865,202828,0,0
2020-04-12,8992,202828,0,0
2020-04-13,8932,202828,0,0
2020-04-14,8303,202828,0,0
2020-04-15,7707,202828,0,0
2020-04-16,7189,202828,0,0
2020-04-17,6741,202828,0,0
2020-04-18,7466,202828,0,0
2020-04-19,7447,202828,0,0
2020-04-20,7042,202828,0,0
2020-04-21,6628,202828,0,0
2020-04-22,6258,202828,0,0
2020-04-23,11505,202828,0,0
2020-04-24,10884,202828,0,0
2020-04-25,11480,202828,0,0
2020-04-26,10548,202828,0,0
2020-04-27,9692,202828,0,0
2020-04-28,8966,202828,0,0
2020-04-29,8348,202828,0,0
2020-04-30,7821,202828,0,0
2020-05-01,7359,202828,0,0
2020-05-02,6961,202828,0,0
2020-05-03,6607,202828,0,0
2020-05-04,6347,202828,0,0
2020-05-05,6078,202828,0,0
2020-05-06,6493,202828,0,0
2020-05-07,6338,202828,0,0
2020-05-08,6054,202828,0,0
2020-05-09,5773,202828,0,0
2020-05-10,5854,202828,0,0
2020-05-11,5685,202828,0,0
2020-05-12,5445,202828,0,0
2020-05-13,5226,202828,0,0
2020-05-14,5021,202828,0,0
2020-05-15,4823,202828,0,0
2020-05-16,4806,202828,0,0
2020-05-17,4689,202828,0,0
2020-05-18,5076,202828,0,0
2020-05-19,5480,202828,0,0
2020-05-20,5364,202828,0,0
2020-05-21,5657,202828,0,0
2020-05-22,5942,202828,0,0
2020-05-23,5738,202828,0,0
2020-05-24,6621,202828,0,0
2020-05-25,6454,202828,0,0
2020-05-26,6066,202828,0,0
2020-05-27,5693,202828,0,0
2020-05-28,5383,202828,0,0
2020-05-29,5096,202828,0,0
2020-05-30,4860,202828,0,0
2020-05-31,4634,202828,0,0
2020-06-01,4413,202828,0,0
2020-06-02,4219,202828,0,0
2020-06-03,4041,202828,0,0
2020-06-04,3880,202828,0,0
2020-06-05,3728,202828,0,0
2020-06-06,3588,202828,0,0
2020-06-07,3456,202828,0,0
2020-06-08,3333,202828,0,0
2020-06-09,3217,202828,0,0
2020-06-10,3162,202828,0,0
2020-06-11,8123,202828,0,0
2020-06-12,10533,202828,0,0
2020-06-13,9187,202828,0,0
2020-06-14,8068,202828,0,0
2020-06-15,7347,202828,0,0
2020-06-16,6484,202828,0,0
2020-06-17,5924,202828,0,0
2020-06-18,5563,202828,0,0
2020-06-19,5076,202828,0,0
2020-06-20,4762,202828,0,0
2020-06-21,4832,202828,0,0
2020-06-22,4966,202828,0,0
2020-06-23,4704,202828,0,0
2020-06-24,5488,202828,0,0
2020-06-25,5338,202828,0,0
2020-06-26,4910,202828,0,0
2020-06-27,4489,202828,0,0
2020-06-28,4124,202828,0,0
2020-06-29,3816,202828,0,0
2020-06-30,4588,202828,0,0
2020-07-01,4631,202828,0,0
2020-07-02,4332,202828,0,0
2020-07-03,4017,202828,0,0
2020-07-04,5374,202828,0,0
2020-07-05,5558,202828,0,0
2020-07-06,5290,202828,0,0
2020-07-07,5206,202828,0,0
2020-07-08,5262,202828,0,0
2020-07-09,4974,202828,0,0
2020-07-10,4558,202828,0,0
2020-07-11,5171,202828,0,0
2020-07-12,5335,202828,0,0
2020-07-13,5374,202828,0,0
2020-07-14,4995,202828,0,0
2020-07-15,4853,202828,0,0
2020-07-16,4534,202828,0,0
2020-07-17,4185,202828,0,0
2020-07-18,3870,202828,0,0
2020-07-19,4353,202828,0,0
2020-07-20,4358,202828,0,0
2020-07-21,4117,202828,0,0
2020-07-22,4349,202828,0,0
2020-07-23,4273,202828,0,0
2020-07-24,4034,202828,0,0
2020-07-25,3775,202828,0,0
2020-07-26,3534,202828,0,0
2020-07-27,3321,202828,0,0
2020-07-28,3134,202828,0,0
2020-07-29,3382,202828,0,0
2020-07-30,3472,202828,0,0
2020-07-31,3387,202828,0,0
2020-08-01,3288,202828,0,0
2020-08-02,3139,202828,0,0
2020-08-03,2988,202828,0,0
2020-08-04,2842,202828,0,0
2020-08-05,2709,202828,0,0
2020-08-06,2588,202828,0,0
2020-08-07,2477,202828,0,0
2020-08-08,2607,202828,0,0
2020-08-09,2697,202828,0,0
2020-08-10,2682,202828,0,0
2020-08-11,2601,202828,0,0
2020-08-12,2498,202828,0,0
2020-08-13,2390,202828,0,0
2020-08-14,2285,202828,0,0
2020-08-15,2216,202828,0,0
2020-08-16,2199,202828,0,0
2020-08-17,2202,202828,0,0
2020-08-18,2210,202828,0,0
2020-08-19,2185,202828,0,0
2020-08-20,2128,202828,0,0
2020-08-21,2751,202828,0,0
2020-08-22,4855,202828,0,0
2020-08-23,5158,202828,0,0
2020-08-24,4739,202828,0,0
2020-08-25,4656,202828,0,0
2020-08-26,4281,202828,0,0
2020-08-27,3845,202828,0,0
2020-08-28,4141,202828,0,0
2020-08-29,4212,202828,0,0
2020-08-30,3922,202828,0,0
2020-08-31,4210,202828,0,0
2020-09-01,15087,202828,0,0
2020-09-02,14500,202828,0,0
2020-09-03,12642,202828,0,0
2020-09-04,15501,202828,0,0
2020-09-05,13308,202828,0,0
2020-09-06,11441,202828,0,0
2020-09-07,9955,202828,0,0
2020-09-08,8754,202828,0,0
2020-09-09,7789,202828,0,0
2020-09-10,6997,202828,0,0
2020-09-11,6347,202828,0,0
2020-09-12,5804,202828,0,0
2020-09-13,5350,202828,0,0
2020-09-14,4964,202828,0,0
2020-09-15,4641,202828,0,0
2020-09-16,4358,202828,0,0
2020-09-17,4110,202828,0,0
2020-09-18,3941,202828,0,0
2020-09-19,3841,202828,0,0
2020-09-20,3702,202828,0,0
2020-09-21,3549,202828,0,0
2020-09-22,3395,202828,0,0
2020-09-23,3247,202828,0,0
2020-09-24,3110,202828,0,0
2020-09-25,2985,202828,0,0
2020-09-26,2868,202828,0,0
2020-09-27,2759,202828,0,0
2020-09-28,2660,202828,0,0
2020-09-29,4178,202828,0,0
2020-09-30,4848,202828,0,0
2020-10-01,4709,202828,0,0
2020-10-02,4391,202828,0,0
2020-10-03,4088,202828,0,0
2020-10-04,3817,202828,0,0
2020-10-05,3576,202828,0,0
2020-10-06,3365,202828,0,0
2020-10-07,3179,202828,0,0
2020-10-08,3018,202828,0,0
2020-10-09,2874,202828,0,0
2020-10-10,2742,202828,0,0
2020-10-11,2622,202828,0,0
2020-10-12,2511,202828,0,0
2020-10-13,2407,202828,0,0
2020-10-14,2313,202828,0,0
2020-10-15,2225,202828,0,0
2020-10-16,2366,202828,0,0
2020-10-17,2750,202828,0,0
2020-10-18,2921,202828,0,0
2020-10-19,3056,202828,0,0
2020-10-20,3011,202828,0,0
2020-10-21,4398,202828,0,0
2020-10-22,4744,202828,0,0
2020-10-23,4406,202828,0,0
2020-10-24,3963,202828,0,0
2020-10-25,4308,202828,0,0
2020-10-26,6534,202828,0,0
2020-10-27,6290,202828,0,0
2020-10-28,5530,202828,0,0
2020-10-29,4838,202828,0,0
2020-10-30,6236,202828,0,0
2020-10-31,5953,202828,0,0
2020-11-01,5301,202828,0,0
2020-11-02,4856,202828,0,0
2020-11-03,4387,202828,0,0
2020-11-04,3961,202828,0,0
2020-11-05,4880,202828,0,0
2020-11-06,5401,202828,0,0
2020-11-07,5071,202828,0,0
2020-11-08,5540,202828,0,0
2020-11-09,5236,202828,0,0
2020-11-10,6319,202828,0,0
2020-11-11,6058,202828,0,0
2020-11-12,5518,202828,0,0
2020-11-13,5012,202828,0,0
2020-11-14,4762,202828,0,0
2020-11-15,4447,202828,0,0
2020-11-16,4139,202828,0,0
2020-11-17,4405,202828,0,0
2020-11-18,4354,202828,0,0
2020-11-19,4135,202828,0,0
2020-11-20,3888,202828,0,0
2020-11-21,3656,202828,0,0
2020-11-22,3996,202828,0,0
2020-11-23,4144,202828,0,0
2020-11-24,4608,202828,0,0
2020-11-25,4541,202828,0,0
2020-11-26,4266,202828,0,0
2020-11-27,3978,202828,0,0
2020-11-28,4182,202828,0,0
2020-11-29,4102,202828,0,0
2020-11-30,5397,202828,0,0
2020-12-01,6013,202828,0,0
2020-12-02,5707,202828,0,0
2020-12-03,5380,202828,0,0
2020-12-04,4989,202828,0,0
2020-12-05,4704,202828,0,0
2020-12-06,4408,202828,0,0
2020-12-07,4129,202828,0,0
2020-12-08,3881,202828,0,0
2020-12-09,3681,202828,0,0
2020-12-10,3844,202828,0,0
2020-12-11,5270,202828,0,0
2020-12-12,6318,202828,0,0
2020-12-13,6258,202828,0,0
2020-12-14,5729,202828,0,0
2020-12-15,6522,202828,0,0
2020-12-16,6200,202828,0,0
2020-12-17,9042,202828,0,0
2020-12-18,8690,202828,0,0
2020-12-19,7866,202828,0,0
2020-12-20,7264,202828,0,0
2020-12-21,7553,202828,0,0
2020-12-22,7073,202828,0,0
2020-12-23,6611,202828,0,0
2020-12-24,6778,202828,0,0
2020-12-25,7531,202828,0,0
2020-12-26,7171,202828,0,0
2020-12-27,6681,202828,0,0
2020-12-28,6237,202828,0,0
2020-12-29,5851,202828,0,0
2020-12-30,5516,202828,0,0
2021-01-01,5210,202828,0,0
2021-01-02,4951,202828,0,0
2021-01-03,7057,202828,0,0
2021-01-04,7103,202828,0,0
2021-01-05,6703,202828,0,0
2021-01-06,6288,202828,0,0
2021-01-07,5901,202828,0,0
2021-01-08,5557,202828,0,0
2021-01-09,5270,202828,0,0
2021-01-10,5019,202828,0,0
2021-01-11,4781,202828,0,0
2021-01-12,4561,202828,0,0
2021-01-13,4361,202828,0,0
2021-01-14,4179,202828,0,0
2021-01-15,4011,202828,0,0
2021-01-16,3857,202828,0,0
2021-01-17,3712,202828,0,0
2021-01-18,3577,202828,0,0
2021-01-19,3449,202828,0,0
2021-01-20,3401,202828,0,0
2021-01-21,3324,202828,0,0
2021-01-22,3224,202828,0,0
2021-01-23,3116,202828,0,0
2021-01-24,3059,202828,0,0
2021-01-25,3219,202828,0,0
2021-01-26,3271,202828,0,0
2021-01-27,3210,202828,0,0
2021-01-28,3096,202828,0,0
2021-01-29,2973,202828,0,0
2021-01-30,2850,202828,0,0
2021-01-31,2740,202828,0,0
2021-02-01,2791,202828,0,0
2021-02-02,2800,202828,0,0
2021-02-03,2747,202828,0,0
2021-02-04,2654,202828,0,0
2021-02-05,2554,202828,0,0
2021-02-06,2487,202828,0,0
2021-02-07,2417,202828,0,0
2021-02-08,2343,202828,0,0
2021-02-09,2323,202828,0,0
2021-02-10,2377,202828,0,0
2021-02-11,2553,202828,0,0
2021-02-12,2638,202828,0,0
2021-02-13,2611,202828,0,0
2021-02-14,2523,202828,0,0
2021-02-15,2413,202828,0,0
2021-02-16,2302,202828,0,0
2021-02-17,2195,202828,0,0
2021-02-18,2097,202828,0,0
2021-02-19,2009,202828,0,0
2021-02-20,2078,202828,0,0
2021-02-21,2401,202828,0,0
2021-02-22,4419,202828,0,0
2021-02-23,7342,202828,0,0
2021-02-24,6968,202828,0,0
2021-02-25,6124,202828,0,0
2021-02-26,5383,202828,0,0
2021-02-27,4777,202828,0,0
2021-02-28,4278,202828,0,0
2021-03-01,3865,202828,0,0
2021-03-02,3521,202828,0,0
2021-03-03,3231,202828,0,0
2021-03-04,2986,202828,0,0
2021-03-05,2776,202828,0,0
2021-03-06,2595,202828,0,0
2021-03-07,2437,202828,0,0
2021-03-08,2299,202828,0,0
2021-03-09,2176,202828,0,0
2021-03-10,2066,202828,0,0
2021-03-11,1970,202828,0,0
2021-03-12,1881,202828,0,0
2021-03-13,1866,202828,0,0
2021-03-14,1859,202828,0,0
2021-03-15,1859,202828,0,0
2021-03-16,1888,202806,0,0
2021-03-17,2005,202768,0,0
2021-03-18,2347,202800,0,0
2021-03-19,3066,202828,0,0
2021-03-20,3366,202828,0,0
2021-03-21,3273,202828,0,0
2021-03-22,3047,202828,0,0
2021-03-23,2807,202828,0,0
2021-03-24,2588,202828,0,0
2021-03-25,2396,202828,0,0
2021-03-26,2228,202828,0,0
2021-03-27,2084,202828,0,0
2021-03-28,1956,202828,0,0
2021-03-29,1845,202828,0,0
2021-03-30,1748,202828,0,0
2021-03-31,1700,202828,0,0
2021-04-01,1656,202743,0,0
2021-04-02,1594,202557,0,0
2021-04-03,1594,202254,0,0
2021-04-04,2119,201886,0,0
2021-04-05,4185,201960,0,0
2021-04-06,5166,202828,0,0
2021-04-07,4877,202828,0,0
2021-04-08,4360,202828,0,0
2021-04-09,3883,202828,0,0
2021-04-10,3479,202828,0,0
2021-04-11,3141,202828,0,0
2021-04-12,2858,202828,0,0
2021-04-13,2619,202828,0,0
2021-04-14,2416,202828,0,0
2021-04-15,2242,202828,0,0
2021-04-16,2091,202828,0,0
2021-04-17,2017,202828,0,0
2021-04-18,1956,202828,0,0
2021-04-19,1885,202828,0,0
2021-04-20,1806,202828,0,0
2021-04-21,1784,202828,0,0
2021-04-22,1744,202828,0,0
2021-04-23,1705,202740,0,0
2021-04-24,1639,202566,0,0
2021-04-25,1572,202283,0,0
2021-04-26,1619,201891,0,0
2021-04-27,2005,201512,0,0
2021-04-28,2198,201432,0,0
2021-04-29,2214,201542,0,0
2021-04-30,2208,201664,0,0
2021-05-01,2098,201938,0,0
2021-05-02,2009,202120,0,0
2021-05-03,1959,202282,0,0
2021-05-04,1871,202399,0,0
2021-05-05,1772,202404,0,0
2021-05-06,1772,202275,0,0
2021-05-07,1804,202124,0,0
2021-05-08,1926,201976,0,0
2021-05-09,1971,201869,0,0
2021-05-10,1971,201801,0,0
2021-05-11,1944,201768,0,0
2021-05-12,1895,201751,0,0
2021-05-13,1835,201713,0,0
2021-05-14,1744,201621,0,0
2021-05-15,1662,201424,0,0
2021-05-16,1584,201114,0,0
2021-05-17,1518,200688,0,0
2021-05-18,1461,200163,0,0
2021-05-19,1407,199539,0,0
2021-05-20,1354,198819,0,0
2021-05-21,1316,198007,0,0
2021-05-22,1283,197131,0,0
2021-05-23,1283,196188,0,0
2021-05-24,1623,195223,0,0
2021-05-25,2295,194691,0,0
2021-05-26,2569,195022,0,0
2021-05-27,2569,195622,0,0
2021-05-28,2493,196145,0,0
2021-05-29,2379,196626,0,0
2021-05-30,2329,197180,0,0
2021-05-31,2256,197774,0,0
2021-06-01,2134,198300,0,0
2021-06-02,2053,198676,0,0
2021-06-03,2023,198942,0,0
2021-06-04,2010,199142,0,0
2021-06-05,2343,199283,0,0
2021-06-06,3207,199735,0,0
2021-06-07,4317,200618,0,0
2021-06-08,4292,201799,0,0
2021-06-09,3859,202828,0,0
2021-06-10,3401,202828,0,0
2021-06-11,3000,202828,0,0
2021-06-12,2664,202828,0,0
2021-06-13,2382,202828,0,0
2021-06-14,2146,202828,0,0
2021-06-15,1945,202828,0,0
2021-06-16,1774,202828,0,0
2021-06-17,1616,202828,0,0
2021-06-18,1546,202828,0,0
2021-06-19,1484,202651,0,0
2021-06-20,1430,202318,0,0
2021-06-21,1382,201847,0,0
2021-06-22,1338,201253,0,0
2021-06-23,1299,200548,0,0
2021-06-24,1264,199744,0,0
2021-06-25,1232,198850,0,0
2021-06-26,1193,197875,0,0
2021-06-27,1147,196817,0,0
2021-06-28,1369,195674,0,0
2021-06-29,1994,194844,0,0
2021-06-30,2436,194821,0,0
2021-07-01,2493,195233,0,0
2021-07-02,2457,195529,0,0
2021-07-03,2370,195689,0,0
2021-07-04,2182,195992,0,0
2021-07-05,2008,196230,0,0
2021-07-06,1854,196333,0,0
2021-07-07,1721,196267,0,0
2021-07-08,1604,196025,0,0
2021-07-09,1520,195610,0,0
2021-07-10,1449,195062,0,0
2021-07-11,1384,194380,0,0
2021-07-12,1324,193570,0,0
2021-07-13,1266,192642,0,0
2021-07-14,1212,191606,0,0
2021-07-15,1163,190472,0,0
2021-07-16,1115,189249,0,0
2021-07-17,1071,187940,0,0
2021-07-18,1028,186553,0,0
2021-07-19,990,185092,0,0
2021-07-20,953,183564,0,0
2021-07-21,919,181972,0,0
2021-07-22,887,180321,0,0
2021-07-23,858,178716,0,0
2021-07-24,830,177060,0,0
2021-07-25,812,175356,0,0
2021-07-26,1172,173625,0,0
2021-07-27,4415,172385,0,0
2021-07-28,5517,173584,0,0
2021-07-29,4858,175955,0,0
2021-07-30,4985,178151,0,0
2021-07-31,5070,180391,0,0
2021-08-01,4521,182814,0,0
2021-08-02,3904,185043,0,0
2021-08-03,3364,187106,0,0
2021-08-04,2980,189039,0,0
2021-08-05,2792,190857,0,0
2021-08-06,2545,192412,0,0
2021-08-07,2291,193614,0,0
2021-08-08,2079,194456,0,0
2021-08-09,1898,194998,0,0
2021-08-10,1745,195257,0,0
2021-08-11,1613,195236,0,0
2021-08-12,1499,194971,0,0
2021-08-13,1400,194493,0,0
2021-08-14,1348,193828,0,0
2021-08-15,1323,193056,0,0
2021-08-16,1323,192183,0,0
2021-08-17,1342,191257,0,0
2021-08-18,1383,190277,0,0
2021-08-19,1445,189280,0,0
2021-08-20,2003,188287,0,0
2021-08-21,2832,188185,0,0
2021-08-22,3158,188926,0,0
2021-08-23,3074,190167,0,0
2021-08-24,3012,191211,0,0
2021-08-25,3012,192329,0,0
2021-08-26,3001,193623,0,0
2021-08-27,2985,195018,0,0
2021-08-28,2752,196462,0,0
2021-08-29,2724,197717,0,0
2021-08-30,2751,198908,0,0
2021-08-31,2594,200046,0,0
2021-09-01,6925,200762,0,0
2021-09-02,7046,202084,0,0
2021-09-03,6241,202828,0,0
2021-09-04,5462,202828,0,0
2021-09-05,4663,202828,0,0
2021-09-06,4696,202828,0,0
2021-09-07,4842,202828,0,0
2021-09-08,4385,202828,0,0
2021-09-09,10137,202828,0,0
2021-09-10,9420,202828,0,0
2021-09-11,8486,202828,0,0
2021-09-12,7260,202828,0,0
2021-09-13,6231,202828,0,0
2021-09-14,5401,202828,0,0
2021-09-15,5365,202828,0,0
2021-09-16,4917,202828,0,0
2021-09-17,4416,202828,0,0
2021-09-18,4741,202828,0,0
2021-09-19,6213,202828,0,0
2021-09-20,5991,202828,0,0
2021-09-21,5414,202828,0,0
2021-09-22,4879,202828,0,0
2021-09-23,4424,202828,0,0
2021-09-24,4080,202828,0,0
2021-09-25,3768,202828,0,0
2021-09-26,3489,202828,0,0
2021-09-27,6820,202828,0,0
2021-09-28,9135,202828,0,0
2021-09-29,8178,202828,0,0
2021-09-30,7114,202828,0,0
2021-10-01,6790,202828,0,0
2021-10-02,12037,202828,0,0
2021-10-03,10933,202828,0,0
2021-10-04,9965,202828,0,0
2021-10-05,8893,202828,0,0
2021-10-06,7992,202828,0,0
2021-10-07,7251,202828,0,0
2021-10-08,6634,202828,0,0
2021-10-09,6119,202828,0,0
2021-10-10,5682,202828,0,0
2021-10-11,5826,202828,0,0
2021-10-12,5594,202828,0,0
2021-10-13,5304,202828,0,0
2021-10-14,5042,202828,0,0
2021-10-15,4775,202828,0,0
2021-10-16,4529,202828,0,0
2021-10-17,4305,202828,0,0
2021-10-18,5137,202828,0,0
2021-10-19,5184,202828,0,0
2021-10-20,4915,202828,0,0
2021-10-21,5995,202828,0,0
2021-10-22,5866,202828,0,0
2021-10-23,5586,202828,0,0
2021-10-24,6774,202828,0,0
2021-10-25,6476,202828,0,0
2021-10-26,6140,202828,0,0
2021-10-27,5791,202828,0,0
2021-10-28,10663,202828,0,0
2021-10-29,9835,202828,0,0
2021-10-30,8677,202828,0,0
2021-10-31,7711,202828,0,0
2021-11-01,8319,202828,0,0
2021-11-02,7931,202828,0,0
2021-11-03,7242,202828,0,0
2021-11-04,6624,202828,0,0
2021-11-05,6406,202828,0,0
2021-11-06,12005,202828,0,0
2021-11-07,10985,202828,0,0
2021-11-08,9741,202828,0,0
2021-11-09,8714,202828,0,0
2021-11-10,8712,202828,0,0
2021-11-11,9092,202828,0,0
2021-11-12,9213,202828,0,0
2021-11-13,10941,202828,0,0
2021-11-14,10069,202828,0,0
2021-11-15,12290,202828,0,0
2021-11-16,11288,202828,0,0
2021-11-17,10294,202828,0,0
2021-11-18,9585,202828,0,0
2021-11-19,8877,202828,0,0
2021-11-20,8275,202828,0,0
2021-11-21,7751,202828,0,0
2021-11-22,7639,202828,0,0
2021-11-23,7840,202828,0,0
2021-11-24,11987,202828,0,0
2021-11-25,12713,202828,0,0
2021-11-26,11979,202828,0,0
2021-11-27,10934,202828,0,0
2021-11-28,10035,202828,0,0
2021-11-29,14284,202828,0,0
2021-11-30,13163,202828,0,0
2021-12-01,12031,202828,0,0
2021-12-02,11100,202828,0,0
2021-12-03,11082,202828,0,0
2021-12-04,11357,202828,0,0
2021-12-05,11006,202828,0,0
2021-12-06,10297,202828,0,0
2021-12-07,9658,202828,0,0
2021-12-08,9104,202828,0,0
2021-12-09,8620,202828,0,0
2021-12-10,8192,202828,0,0
2021-12-11,7809,202828,0,0
2021-12-12,7464,202828,0,0
2021-12-13,8506,202828,0,0
2021-12-14,9767,202828,0,0
2021-12-15,9303,202828,0,0
2021-12-16,8734,202828,0,0
2021-12-17,8227,202828,0,0
2021-12-18,7787,202828,0,0
2021-12-19,7400,202828,0,0
2021-12-20,8149,202828,0,0
2021-12-21,7857,202828,0,0
2021-12-22,7561,202828,0,0
2021-12-23,8731,202828,0,0
2021-12-24,8333,202828,0,0
2021-12-25,9336,202828,0,0
2021-12-26,9483,202828,0,0
2021-12-27,10658,202828,0,0
2021-12-28,9952,202828,0,0
2021-12-29,9181,202828,0,0
2021-12-30,10641,202828,0,0
2021-12-31,9994,202828,0,0
2022-01-01,9256,202828,0,0
2022-01-02,8634,202828,0,0
2022-01-03,10361,202828,0,0
2022-01-04,12652,202828,0,0
2022-01-05,12064,202828,0,0
2022-01-06,12591,202828,0,0
2022-01-07,11607,202828,0,0
2022-01-08,10716,202828,0,0
2022-01-09,9957,202828,0,0
2022-01-10,11148,202828,0,0
2022-01-11,10492,202828,0,0
2022-01-12,10354,202828,0,0
2022-01-13,9731,202828,0,0
2022-01-14,9152,202828,0,0
2022-01-15,8643,202828,0,0
2022-01-16,9022,202828,0,0
2022-01-17,9523,202828,0,0
2022-01-18,9066,202828,0,0
2022-01-19,8556,202828,0,0
2022-01-20,8117,202828,0,0
2022-01-21,8206,202828,0,0
2022-01-22,8607,202828,0,0
2022-01-23,8232,202828,0,0
2022-01-24,8901,202828,0,0
2022-01-25,8522,202828,0,0
2022-01-26,10119,202828,0,0
2022-01-27,9602,202828,0,0
2022-01-28,8980,202828,0,0
2022-01-29,8712,202828,0,0
2022-01-30,10171,202828,0,0
2022-01-31,9649,202828,0,0
2022-02-01,10676,202828,0,0
2022-02-02,10813,202828,0,0
2022-02-03,10124,202828,0,0
2022-02-04,9468,202828,0,0
2022-02-05,8897,202828,0,0
2022-02-06,8397,202828,0,0
2022-02-07,8022,202828,0,0
2022-02-08,9415,202828,0,0
2022-02-09,9027,202828,0,0
2022-02-10,8577,202828,0,0
2022-02-11,12162,202828,0,0
2022-02-12,11446,202828,0,0
2022-02-13,10590,202828,0,0
2022-02-14,9865,202828,0,0
2022-02-15,9233,202828,0,0
2022-02-16,8698,202828,0,0
2022-02-17,8225,202828,0,0
2022-02-18,7812,202828,0,0
2022-02-19,7457,202828,0,0
2022-02-20,7125,202828,0,0
2022-02-21,6839,202828,0,0
2022-02-22,7226,202828,0,0
2022-02-23,15868,202828,0,0
2022-02-24,14565,202828,0,0
2022-02-25,13502,202828,0,0
2022-02-26,17985,202828,0,0
2022-02-27,16474,202828,0,0
2022-02-28,14894,202828,0,0
2022-03-01,13580,202828,0,0
2022-03-02,12509,202828,0,0
2022-03-03,11611,202828,0,0
2022-03-04,10868,202828,0,0
2022-03-05,12231,202828,0,0
2022-03-06,11507,202828,0,0
2022-03-07,10754,202828,0,0
2022-03-08,12396,202828,0,0
2022-03-09,11706,202828,0,0
2022-03-10,10954,202828,0,0
2022-03-11,10296,202828,0,0
2022-03-12,9995,202828,0,0
2022-03-13,9485,202828,0,0
2022-03-14,9019,202828,0,0
2022-03-15,8596,202828,0,0
2022-03-16,10407,202828,0,0
2022-03-17,9978,202828,0,0
2022-03-18,9407,202828,0,0
2022-03-19,8889,202828,0,0
2022-03-20,8441,202828,0,0
2022-03-21,8039,202828,0,0
2022-03-22,7679,202828,0,0
2022-03-23,7393,202828,0,0
2022-03-24,7100,202828,0,0
2022-03-25,6818,202828,0,0
2022-03-26,6556,202828,0,0
2022-03-27,6312,202828,0,0
2022-03-28,6083,202828,0,0
2022-03-29,5868,202828,0,0
2022-03-30,5683,202828,0,0
2022-03-31,5492,202828,0,0
2022-04-01,6341,202828,0,0
2022-04-02,6578,202828,0,0
2022-04-03,6724,202828,0,0
2022-04-04,6433,202828,0,0
2022-04-05,6096,202828,0,0
2022-04-06,8336,202828,0,0
2022-04-07,8148,202828,0,0
2022-04-08,7615,202828,0,0
2022-04-09,7116,202828,0,0
2022-04-10,6834,202828,0,0
2022-04-11,6481,202828,0,0
2022-04-12,6131,202828,0,0
2022-04-13,5816,202828,0,0
2022-04-14,5546,202828,0,0
2022-04-15,5293,202828,0,0
2022-04-16,5063,202828,0,0
2022-04-17,4852,202828,0,0
2022-04-18,4658,202828,0,0
2022-04-19,4477,202828,0,0
2022-04-20,4312,202828,0,0
2022-04-21,4785,202828,0,0
2022-04-22,8524,202828,0,0
2022-04-23,8301,202828,0,0
2022-04-24,7536,202828,0,0
2022-04-25,6824,202828,0,0
2022-04-26,6226,202828,0,0
2022-04-27,5726,202828,0,0
2022-04-28,5306,202828,0,0
2022-04-29,4950,202828,0,0
2022-04-30,4643,202828,0,0
2022-05-01,4377,202828,0,0
2022-05-02,4141,202828,0,0
2022-05-03,4317,202828,0,0
2022-05-04,4645,202828,0,0
2022-05-05,6154,202828,0,0
2022-05-06,8155,202828,0,0
2022-05-07,7816,202828,0,0
2022-05-08,8470,202828,0,0
2022-05-09,9990,202828,0,0
2022-05-10,9083,202828,0,0
2022-05-11,8112,202828,0,0
2022-05-12,7301,202828,0,0
2022-05-13,6680,202828,0,0
2022-05-14,6642,202828,0,0
2022-05-15,7331,202828,0,0
2022-05-16,8823,202828,0,0
2022-05-17,8282,202828,0,0
2022-05-18,7580,202828,0,0
2022-05-19,6970,202828,0,0
2022-05-20,6703,202828,0,0
2022-05-21,7484,202828,0,0
2022-05-22,10248,202828,0,0
2022-05-23,9645,202828,0,0
2022-05-24,8850,202828,0,0
2022-05-25,8161,202828,0,0
2022-05-26,7582,202828,0,0
2022-05-27,7087,202828,0,0
2022-05-28,6660,202828,0,0
2022-05-29,6289,202828,0,0
2022-05-30,5962,202828,0,0
2022-05-31,5672,202828,0,0
2022-06-01,5412,202828,0,0
2022-06-02,5167,202828,0,0
2022-06-03,4951,202828,0,0
2022-06-04,4753,202828,0,0
2022-06-05,4571,202828,0,0
2022-06-06,4401,202828,0,0
2022-06-07,4240,202828,0,0
2022-06-08,4089,202828,0,0
2022-06-09,3948,202828,0,0
2022-06-10,3812,202828,0,0
2022-06-11,3811,202828,0,0
2022-06-12,4424,202828,0,0
2022-06-13,4711,202828,0,0
2022-06-14,4606,202828,0,0
2022-06-15,4390,202828,0,0
2022-06-16,4164,202828,0,0
2022-06-17,3957,202828,0,0
2022-06-18,3768,202828,0,0
2022-06-19,4079,202828,0,0
2022-06-20,4538,202828,0,0
2022-06-21,4573,202828,0,0
2022-06-22,5011,202828,0,0
2022-06-23,4899,202828,0,0
2022-06-24,4600,202828,0,0
2022-06-25,4294,202828,0,0
2022-06-26,4054,202828,0,0
2022-06-27,3860,202828,0,0
2022-06-28,3668,202828,0,0
2022-06-29,3805,202828,0,0
2022-06-30,4104,202828,0,0
2022-07-01,4800,202828,0,0
2022-07-02,4748,202828,0,0
2022-07-03,4428,202828,0,0
2022-07-04,4342,202828,0,0
2022-07-05,4119,202828,0,0
2022-07-06,3854,202828,0,0
2022-07-07,4491,202828,0,0
2022-07-08,4855,202828,0,0
2022-07-09,4882,202828,0,0
2022-07-10,4566,202828,0,0
2022-07-11,4197,202828,0,0
2022-07-12,4997,202828,0,0
2022-07-13,4933,202828,0,0
2022-07-14,4696,202828,0,0
2022-07-15,4338,202828,0,0
2022-07-16,4176,202828,0,0
2022-07-17,4560,202828,0,0
2022-07-18,4475,202828,0,0
2022-07-19,4190,202828,0,0
2022-07-20,3888,202828,0,0
2022-07-21,3615,202828,0,0
2022-07-22,3425,202828,0,0
2022-07-23,3239,202828,0,0
2022-07-24,3339,202828,0,0
2022-07-25,3328,202828,0,0
2022-07-26,3213,202828,0,0
2022-07-27,3063,202828,0,0
2022-07-28,3135,202828,0,0
2022-07-29,3127,202828,0,0
2022-07-30,3029,202828,0,0
2022-07-31,2895,202828,0,0
2022-08-01,2757,202828,0,0
2022-08-02,2654,202828,0,0
2022-08-03,2586,202828,0,0
2022-08-04,2516,202828,0,0
2022-08-05,2432,202828,0,0
2022-08-06,2340,202828,0,0
2022-08-07,2247,202828,0,0
2022-08-08,2159,202828,0,0
2022-08-09,2073,202828,0,0
2022-08-10,1994,202828,0,0
2022-08-11,2085,202828,0,0
2022-08-12,2173,202828,0,0
2022-08-13,2185,202828,0,0
2022-08-14,2136,202828,0,0
2022-08-15,2079,202828,0,0
2022-08-16,2569,202826,0,0
2022-08-17,3169,202828,0,0
2022-08-18,3401,202828,0,0
2022-08-19,3279,202828,0,0
2022-08-20,3035,202828,0,0
2022-08-21,2781,202828,0,0
2022-08-22,2550,202828,0,0
2022-08-23,6017,202828,0,0
2022-08-24,7723,202828,0,0
2022-08-25,6891,202828,0,0
2022-08-26,5928,202828,0,0
2022-08-27,5128,202828,0,0
2022-08-28,4479,202828,0,0
2022-08-29,3951,202828,0,0
2022-08-30,3522,202828,0,0
2022-08-31,3168,202828,0,0
2022-09-01,2875,202828,0,0
2022-09-02,2625,202828,0,0
2022-09-03,2412,202828,0,0
2022-09-04,5665,202828,0,0
2022-09-05,6376,202828,0,0
2022-09-06,7040,202828,0,0
2022-09-07,6313,202828,0,0
2022-09-08,5500,202828,0,0
2022-09-09,4812,202828,0,0
2022-09-10,4249,202828,0,0
2022-09-11,3788,202828,0,0
2022-09-12,3406,202828,0,0
2022-09-13,3092,202828,0,0
2022-09-14,2851,202828,0,0
2022-09-15,2644,202828,0,0
2022-09-16,2463,202828,0,0
2022-09-17,2304,202828,0,0
2022-09-18,2173,202828,0,0
2022-09-19,2054,202828,0,0
2022-09-20,2025,202828,0,0
2022-09-21,1999,202828,0,0
2022-09-22,1976,202828,0,0
2022-09-23,1927,202828,0,0
2022-09-24,1913,202828,0,0
2022-09-25,1877,202828,0,0
2022-09-26,1844,202763,0,0
2022-09-27,1800,202635,0,0
2022-09-28,1754,202440,0,0
2022-09-29,1700,202163,0,0
2022-09-30,2092,201799,0,0
2022-10-01,2856,201707,0,0
2022-10-02,3579,202505,0,0
2022-10-03,3572,202828,0,0
2022-10-04,3450,202828,0,0
2022-10-05,3109,202828,0,0
2022-10-06,3338,202828,0,0
2022-10-07,3406,202828,0,0
2022-10-08,3234,202828,0,0
2022-10-09,2979,202828,0,0
2022-10-10,2725,202828,0,0
2022-10-11,2497,202828,0,0
2022-10-12,2297,202828,0,0
2022-10-13,2126,202828,0,0
2022-10-14,1981,202828,0,0
2022-10-15,1855,202828,0,0
2022-10-16,1744,202828,0,0
2022-10-17,1696,202828,0,0
2022-10-18,1648,202773,0,0
2022-10-19,1604,202598,0,0
2022-10-20,1536,202314,0,0
2022-10-21,1470,201904,0,0
2022-10-22,1470,201374,0,0
2022-10-23,1520,200846,0,0
2022-10-24,1572,200298,0,0
2022-10-25,1592,199731,0,0
2022-10-26,1592,199150,0,0
2022-10-27,1582,198567,0,0
2022-10-28,1524,197983,0,0
2022-10-29,1457,197354,0,0
2022-10-30,1454,196663,0,0
2022-10-31,1458,195972,0,0
2022-11-01,2143,195246,0,0
2022-11-02,2990,195391,0,0
2022-11-03,3182,196589,0,0
2022-11-04,3318,198006,0,0
2022-11-05,3282,199669,0,0
2022-11-06,3141,200375,0,0
2022-11-07,2868,201056,0,0
2022-11-08,2566,201661,0,0
2022-11-09,2372,202189,0,0
2022-11-10,2236,202654,0,0
2022-11-11,2944,202828,0,0
2022-11-12,3350,202828,0,0
2022-11-13,3240,202828,0,0
2022-11-14,3299,202828,0,0
2022-11-15,3162,202828,0,0
2022-11-16,2912,202828,0,0
2022-11-17,2644,202828,0,0
2022-11-18,2398,202828,0,0
2022-11-19,2185,202828,0,0
2022-11-20,2000,202828,0,0
2022-11-21,1840,202828,0,0
2022-11-22,1702,202828,0,0
2022-11-23,1637,202828,0,0
2022-11-24,1565,202722,0,0
2022-11-25,1526,202467,0,0
2022-11-26,1517,202119,0,0
2022-11-27,1513,201685,0,0
2022-11-28,1488,201177,0,0
2022-11-29,1447,200589,0,0
2022-11-30,1445,199924,0,0
2022-12-01,1499,199234,0,0
2022-12-02,1527,198469,0,0
2022-12-03,4371,197710,0,0
2022-12-04,5329,198948,0,0
2022-12-05,5573,201345,0,0
2022-12-06,6378,202549,0,0
2022-12-07,5945,202828,0,0
2022-12-08,5200,202828,0,0
2022-12-09,4553,202828,0,0
2022-12-10,4019,202828,0,0
2022-12-11,3581,202828,0,0
2022-12-12,3403,202828,0,0
2022-12-13,3533,202828,0,0
2022-12-14,3539,202828,0,0
2022-12-15,3364,202828,0,0
2022-12-16,3128,202828,0,0
2022-12-17,2896,202828,0,0
2022-12-18,2724,202828,0,0
2022-12-19,2692,202828,0,0
2022-12-20,2626,202828,0,0
2022-12-21,3143,202828,0,0
2022-12-22,3382,202828,0,0
2022-12-23,3294,202828,0,0
2022-12-24,3269,202828,0,0
2022-12-25,3434,202828,0,0
2022-12-26,3416,202828,0,0
2022-12-27,3243,202828,0,0
2022-12-28,3245,202828,0,0
2022-12-29,3151,202828,0,0
2022-12-30,4564,202828,0,0
2022-12-31,4907,202828,0,0
2023-01-01,4597,202828,0,0
2023-01-02,4199,202828,0,0
2023-01-03,3835,202828,0,0
2023-01-04,3522,202828,0,0
2023-01-05,3317,202828,0,0
2023-01-06,3644,202828,0,0
2023-01-07,3773,202828,0,0
2023-01-08,4582,202828,0,0
2023-01-09,5000,202828,0,0
2023-01-10,5051,202828,0,0
2023-01-11,5550,202828,0,0
2023-01-12,5799,202828,0,0
2023-01-13,6535,202828,0,0
2023-01-14,6142,202828,0,0
2023-01-15,5579,202828,0,0
2023-01-16,5342,202828,0,0
2023-01-17,5320,202828,0,0
2023-01-18,5737,202828,0,0
2023-01-19,5490,202828,0,0
2023-01-20,6844,202828,0,0
2023-01-21,6620,202828,0,0
2023-01-22,6092,202828,0,0
2023-01-23,5603,202828,0,0
2023-01-24,5635,202828,0,0
2023-01-25,5363,202828,0,0
2023-01-26,5023,202828,0,0
2023-01-27,5851,202828,0,0
2023-01-28,5766,202828,0,0
2023-01-29,7439,202828,0,0
2023-01-30,8823,202828,0,0
2023-01-31,8232,202828,0,0
2023-02-01,7725,202828,0,0
2023-02-02,7125,202828,0,0
2023-02-03,6593,202828,0,0
2023-02-04,6142,202828,0,0
2023-02-05,5751,202828,0,0
2023-02-06,5413,202828,0,0
2023-02-07,5121,202828,0,0
2023-02-08,5019,202828,0,0
2023-02-09,4826,202828,0,0
2023-02-10,4608,202828,0,0
2023-02-11,4865,202828,0,0
2023-02-12,5626,202828,0,0
2023-02-13,5721,202828,0,0
2023-02-14,5466,202828,0,0
2023-02-15,5165,202828,0,0
2023-02-16,5068,202828,0,0
2023-02-17,4870,202828,0,0
2023-02-18,4626,202828,0,0
2023-02-19,4696,202828,0,0
2023-02-20,5276,202828,0,0
2023-02-21,5663,202828,0,0
2023-02-22,5466,202828,0,0
2023-02-23,5139,202828,0,0
2023-02-24,6679,202828,0,0
2023-02-25,6625,202828,0,0
2023-02-26,7196,202828,0,0
2023-02-27,6840,202828,0,0
2023-02-28,6621,202828,0,0
2023-03-01,6313,202828,0,0
2023-03-02,5935,202828,0,0
2023-03-03,5683,202828,0,0
2023-03-04,5617,202828,0,0
2023-03-05,5451,202828,0,0
2023-03-06,5197,202828,0,0
2023-03-07,4932,202828,0,0
2023-03-08,4702,202828,0,0
2023-03-09,4482,202828,0,0
2023-03-10,4318,202828,0,0
2023-03-11,4145,202828,0,0
2023-03-12,3973,202828,0,0
2023-03-13,4016,202828,0,0
2023-03-14,3952,202828,0,0
2023-03-15,3818,202828,0,0
2023-03-16,3668,202828,0,0
2023-03-17,3680,202828,0,0
2023-03-18,3621,202828,0,0
2023-03-19,3503,202828,0,0
2023-03-20,4529,202828,0,0
2023-03-21,4749,202828,0,0
2023-03-22,4508,202828,0,0
2023-03-23,5704,202828,0,0
2023-03-24,6889,202828,0,0
2023-03-25,11108,202828,0,0
2023-03-26,10168,202828,0,0
2023-03-27,9052,202828,0,0
2023-03-28,8116,202828,0,0
2023-03-29,7338,202828,0,0
2023-03-30,6694,202828,0,0
2023-03-31,6157,202828,0,0
2023-04-01,5705,202828,0,0
2023-04-02,5344,202828,0,0
2023-04-03,5256,202828,0,0
2023-04-04,5018,202828,0,0
2023-04-05,4748,202828,0,0
2023-04-06,4495,202828,0,0
2023-04-07,4268,202828,0,0
2023-04-08,4064,202828,0,0
2023-04-09,3881,202828,0,0
2023-04-10,3714,202828,0,0
2023-04-11,3561,202828,0,0
2023-04-12,3605,202828,0,0
2023-04-13,3776,202828,0,0
2023-04-14,4867,202828,0,0
2023-04-15,5128,202828,0,0
2023-04-16,5660,202828,0,0
2023-04-17,5409,202828,0,0
2023-04-18,4978,202828,0,0
2023-04-19,4790,202828,0,0
2023-04-20,5954,202828,0,0
2023-04-21,7445,202828,0,0
2023-04-22,7087,202828,0,0
2023-04-23,10097,202828,0,0
2023-04-24,19670,202828,0,0
2023-04-25,22669,202828,0,0
2023-04-26,19792,202828,0,0
2023-04-27,17692,202828,0,0
2023-04-28,16051,202828,0,0
2023-04-29,15808,202828,0,0
2023-04-30,14487,202828,0,0
2023-05-01,14503,202828,0,0
2023-05-02,14354,202828,0,0
2023-05-03,13196,202828,0,0
2023-05-04,12902,202828,0,0
2023-05-05,11987,202828,0,0
2023-05-06,11182,202828,0,0
2023-05-07,10579,202828,0,0
2023-05-08,10336,202828,0,0
2023-05-09,9791,202828,0,0
2023-05-10,9273,202828,0,0
2023-05-11,8832,202828,0,0
2023-05-12,8419,202828,0,0
2023-05-13,8048,202828,0,0
2023-05-14,7709,202828,0,0
2023-05-15,7398,202828,0,0
2023-05-16,7111,202828,0,0
2023-05-17,6844,202828,0,0
2023-05-18,6596,202828,0,0
2023-05-19,6361,202828,0,0
2023-05-20,6140,202828,0,0
2023-05-21,5930,202828,0,0
2023-05-22,5730,202828,0,0
2023-05-23,5540,202828,0,0
2023-05-24,5359,202828,0,0
2023-05-25,5183,202828,0,0
2023-05-26,5016,202828,0,0
2023-05-27,4854,202828,0,0
2023-05-28,4698,202828,0,0
2023-05-29,6498,202828,0,0
2023-05-30,6648,202828,0,0
2023-05-31,6311,202828,0,0
2023-06-01,5944,202828,0,0
2023-06-02,5724,202828,0,0
2023-06-03,5452,202828,0,0
2023-06-04,5183,202828,0,0
2023-06-05,4936,202828,0,0
2023-06-06,4715,202828,0,0
2023-06-07,4968,202828,0,0
2023-06-08,4909,202828,0,0
2023-06-09,4718,202828,0,0
2023-06-10,5071,202828,0,0
2023-06-11,4998,202828,0,0
2023-06-12,6496,202828,0,0
2023-06-13,6443,202828,0,0
2023-06-14,6317,202828,0,0
2023-06-15,6734,202828,0,0
2023-06-16,6414,202828,0,0
2023-06-17,6616,202828,0,0
2023-06-18,6287,202828,0,0
2023-06-19,5889,202828,0,0
2023-06-20,5529,202828,0,0
2023-06-21,5209,202828,0,0
2023-06-22,4926,202828,0,0
2023-06-23,4676,202828,0,0
2023-06-24,4452,202828,0,0
2023-06-25,4250,202828,0,0
2023-06-26,4078,202828,0,0
2023-06-27,3914,202828,0,0
2023-06-28,3759,202828,0,0
2023-06-29,3613,202828,0,0
2023-06-30,3478,202828,0,0
2023-07-01,3351,202828,0,0
2023-07-02,3637,202828,0,0
2023-07-03,4637,202828,0,0
2023-07-04,4746,202828,0,0
2023-07-05,6658,202828,0,0
2023-07-06,7317,202828,0,0
2023-07-07,7019,202828,0,0
2023-07-08,6306,202828,0,0
2023-07-09,5637,202828,0,0
2023-07-10,5078,202828,0,0
2023-07-11,4615,202828,0,0
2023-07-12,5081,202828,0,0
2023-07-13,4967,202828,0,0
2023-07-14,4639,202828,0,0
2023-07-15,4306,202828,0,0
2023-07-16,4008,202828,0,0
2023-07-17,3747,202828,0,0
2023-07-18,3539,202828,0,0
2023-07-19,3354,202828,0,0
2023-07-20,3182,202828,0,0
2023-07-21,3895,202828,0,0
2023-07-22,4393,202828,0,0
2023-07-23,4294,202828,0,0
2023-07-24,4209,202828,0,0
2023-07-25,3962,202828,0,0
2023-07-26,3732,202828,0,0
2023-07-27,3602,202828,0,0
2023-07-28,5165,202828,0,0
2023-07-29,5676,202828,0,0
2023-07-30,5666,202828,0,0
2023-07-31,5357,202828,0,0
2023-08-01,5115,202828,0,0
2023-08-02,4809,202828,0,0
2023-08-03,4427,202828,0,0
2023-08-04,4072,202828,0,0
2023-08-05,3762,202828,0,0
2023-08-06,3494,202828,0,0
2023-08-07,3265,202828,0,0
2023-08-08,3066,202828,0,0
2023-08-09,2892,202828,0,0
2023-08-10,2739,202828,0,0
2023-08-11,2602,202828,0,0
2023-08-12,2480,202828,0,0
2023-08-13,2449,202828,0,0
2023-08-14,2413,202828,0,0
2023-08-15,3575,202828,0,0
2023-08-16,4229,202828,0,0
2023-08-17,4175,202828,0,0
2023-08-18,3913,202828,0,0
2023-08-19,3635,202828,0,0
2023-08-20,3383,202828,0,0
2023-08-21,3163,202828,0,0
2023-08-22,2969,202828,0,0
2023-08-23,2800,202828,0,0
2023-08-24,2652,202828,0,0
2023-08-25,2520,202828,0,0
2023-08-26,2402,202828,0,0
2023-08-27,2295,202828,0,0
2023-08-28,2197,202828,0,0
2023-08-29,2107,202828,0,0
2023-08-30,2024,202828,0,0
2023-08-31,1990,202828,0,0
2023-09-01,1912,202828,0,0
2023-09-02,1877,202828,0,0
2023-09-03,1841,202747,0,0
2023-09-04,1809,202589,0,0
2023-09-05,1768,202360,0,0
2023-09-06,1713,202053,0,0
2023-09-07,1661,201658,0,0
2023-09-08,1609,201179,0,0
2023-09-09,1561,200619,0,0
2023-09-10,1514,199984,0,0
2023-09-11,1469,199276,0,0
2023-09-12,1469,198499,0,0
2023-09-13,1482,197688,0,0
2023-09-14,2978,196828,0,0
2023-09-15,4070,197685,0,0
2023-09-16,3944,199812,0,0
2023-09-17,3514,201821,0,0
2023-09-18,3089,202828,0,0
2023-09-19,2722,202828,0,0
2023-09-20,2416,202828,0,0
2023-09-21,2159,202828,0,0
2023-09-22,2680,202828,0,0
2023-09-23,3023,202828,0,0
2023-09-24,2973,202828,0,0
2023-09-25,2768,202828,0,0
2023-09-26,2537,202828,0,0
2023-09-27,2319,202828,0,0
2023-09-28,2128,202828,0,0
2023-09-29,1998,202828,0,0
2023-09-30,1888,202828,0,0
2023-10-01,1783,202828,0,0
2023-10-02,1708,202828,0,0
2023-10-03,1663,202802,0,0
2023-10-04,1619,202661,0,0
2023-10-05,1566,202414,0,0
2023-10-06,1491,202057,0,0
2023-10-07,1423,201574,0,0
2023-10-08,1360,200975,0,0
2023-10-09,1292,200268,0,0
2023-10-10,1284,199471,0,0
2023-10-11,1287,198629,0,0
2023-10-12,1287,197743,0,0
2023-10-13,1287,196814,0,0
2023-10-14,1977,195856,0,0
2023-10-15,3384,195820,0,0
2023-10-16,3722,196948,0,0
2023-10-17,3534,199038,0,0
2023-10-18,3035,200901,0,0
2023-10-19,2673,202555,0,0
2023-10-20,2363,202828,0,0
2023-10-21,2102,202828,0,0
2023-10-22,2013,202828,0,0
2023-10-23,1863,202828,0,0
2023-10-24,1706,202828,0,0
2023-10-25,1574,202828,0,0
2023-10-26,1509,202747,0,0
2023-10-27,1453,202506,0,0
2023-10-28,1402,202126,0,0
2023-10-29,1326,201620,0,0
2023-10-30,1301,200968,0,0
2023-10-31,1301,200247,0,0
2023-11-01,1428,199466,0,0
2023-11-02,1519,198644,0,0
2023-11-03,1641,197890,0,0
2023-11-04,1735,197257,0,0
2023-11-05,3739,196837,0,0
2023-11-06,6009,197908,0,0
2023-11-07,6576,200467,0,0
2023-11-08,5762,201969,0,0
2023-11-09,4895,202802,0,0
2023-11-10,6109,202828,0,0
2023-11-11,5893,202828,0,0
2023-11-12,5210,202828,0,0
2023-11-13,4562,202828,0,0
2023-11-14,4025,202828,0,0
2023-11-15,3580,202828,0,0
2023-11-16,3210,202828,0,0
2023-11-17,2901,202828,0,0
2023-11-18,2663,202828,0,0
2023-11-19,2457,202828,0,0
2023-11-20,2273,202828,0,0
2023-11-21,2111,202828,0,0
2023-11-22,1969,202828,0,0
2023-11-23,1846,202828,0,0
2023-11-24,1736,202828,0,0
2023-11-25,1682,202828,0,0
2023-11-26,1634,202716,0,0
2023-11-27,1591,202484,0,0
2023-11-28,1536,202143,0,0
2023-11-29,1472,201687,0,0
2023-11-30,1413,201114,0,0
2023-12-01,1359,200434,0,0
2023-12-02,1310,199573,0,0
2023-12-03,1263,198628,0,0
2023-12-04,1218,197598,0,0
2023-12-05,1178,196490,0,0
2023-12-06,1140,195311,0,0
2023-12-07,1103,194065,0,0
2023-12-08,1068,192755,0,0
2023-12-09,1035,191385,0,0
2023-12-10,1004,189961,0,0
2023-12-11,986,188484,0,0
2023-12-12,984,186977,0,0
2023-12-13,997,185459,0,0
2023-12-14,997,183925,0,0
2023-12-15,1049,182374,0,0
2023-12-16,1078,180835,0,0
2023-12-17,1285,179422,0,0
2023-12-18,1638,178379,0,0
2023-12-19,1921,177914,0,0
2023-12-20,2031,177751,0,0
2023-12-21,2031,177633,0,0
2023-12-22,1976,177430,0,0
2023-12-23,1829,177173,0,0
2023-12-24,1691,176879,0,0
2023-12-25,1569,176501,0,0
2023-12-26,1459,176011,0,0
2023-12-27,1364,175395,0,0
2023-12-28,1279,174653,0,0
2023-12-29,1205,173783,0,0
2023-12-30,1183,172795,0,0
2023-12-31,1206,171778,0,0
2024-01-01,1271,170477,0,0
2024-01-02,1312,169492,0,0
2024-01-03,1314,168487,0,0
2024-01-04,1302,167465,0,0
2024-01-05,1299,166469,0,0
2024-01-06,1297,165484,0,0
2024-01-07,1286,164501,0,0
2024-01-08,1258,163507,0,0
2024-01-09,1240,162486,0,0
2024-01-10,1239,161431,0,0
2024-01-11,1218,160351,0,0
2024-01-12,1525,159234,0,0
2024-01-13,2199,158482,0,0
2024-01-14,2573,158532,0,0
2024-01-15,2646,159000,0,0
2024-01-16,2839,159580,0,0
2024-01-17,2839,160550,0,0
2024-01-18,2777,161537,0,0
2024-01-19,3353,162714,0,0
2024-01-20,3787,164462,0,0
2024-01-21,4287,166598,0,0
2024-01-22,4139,169077,0,0
2024-01-23,5259,171494,0,0
2024-01-24,5093,174403,0,0
2024-01-25,4541,177193,0,0
2024-01-26,6528,179735,0,0
2024-01-27,6349,182644,0,0
2024-01-28,5697,185553,0,0
2024-01-29,5100,188434,0,0
2024-01-30,4591,191070,0,0
2024-01-31,4160,192771,0,0
2024-02-01,3797,193695,0,0
2024-02-02,3492,194540,0,0
2024-02-03,3228,195305,0,0
2024-02-04,3005,196006,0,0
2024-02-05,2809,196654,0,0
2024-02-06,2758,197257,0,0
2024-02-07,2648,197822,0,0
2024-02-08,2514,198354,0,0
2024-02-09,2394,198857,0,0
2024-02-10,4610,199334,0,0
2024-02-11,5445,200699,0,0
2024-02-12,5166,202060,0,0
2024-02-13,4701,202828,0,0
2024-02-14,4267,202828,0,0
2024-02-15,3893,202828,0,0
2024-02-16,3578,202828,0,0
2024-02-17,3311,202828,0,0
2024-02-18,3082,202828,0,0
2024-02-19,2884,202828,0,0
2024-02-20,2712,202828,0,0
2024-02-21,4309,202828,0,0
2024-02-22,4896,202828,0,0
2024-02-23,4660,202828,0,0
2024-02-24,4270,202828,0,0
2024-02-25,3900,202828,0,0
2024-02-26,3581,202828,0,0
2024-02-27,3690,202828,0,0
2024-02-28,3629,202828,0,0
2024-02-29,3445,202828,0,0
2024-03-01,3426,202828,0,0
2024-03-02,3351,202828,0,0
2024-03-03,3604,202828,0,0
2024-03-04,3997,202828,0,0
2024-03-05,3980,202828,0,0
2024-03-06,3775,202828,0,0
2024-03-07,4330,202828,0,0
2024-03-08,4388,202828,0,0
2024-03-09,4169,202828,0,0
2024-03-10,3897,202828,0,0
2024-03-11,3641,202828,0,0
2024-03-12,3414,202828,0,0
2024-03-13,3215,202828,0,0
2024-03-14,3038,202828,0,0
2024-03-15,2891,202828,0,0
2024-03-16,3043,202828,0,0
2024-03-17,3104,202828,0,0
2024-03-18,3043,202828,0,0
2024-03-19,2924,202828,0,0
2024-03-20,2788,202828,0,0
2024-03-21,2658,202828,0,0
2024-03-22,2591,202828,0,0
2024-03-23,2585,202828,0,0
2024-03-24,2646,202828,0,0
2024-03-25,2643,202828,0,0
2024-03-26,2615,202828,0,0
2024-03-27,4021,202828,0,0
2024-03-28,4648,202828,0,0
2024-03-29,4750,202828,0,0
2024-03-30,4499,202828,0,0
2024-03-31,4172,202828,0,0
2024-04-01,3865,202828,0,0
2024-04-02,3596,202828,0,0
2024-04-03,3363,202828,0,0
2024-04-04,3160,202828,0,0
2024-04-05,2985,202828,0,0
2024-04-06,2851,202828,0,0
2024-04-07,2723,202828,0,0
2024-04-08,2598,202828,0,0
2024-04-09,2482,202828,0,0
2024-04-10,2374,202828,0,0
2024-04-11,2273,202828,0,0
2024-04-12,2182,202828,0,0
2024-04-13,2096,202828,0,0
2024-04-14,2016,202828,0,0
2024-04-15,1941,202828,0,0
2024-04-16,1872,202828,0,0
2024-04-17,1854,202828,0,0
2024-04-18,1821,202828,0,0
2024-04-19,1790,202755,0,0
2024-04-20,1760,202614,0,0
2024-04-21,1712,202408,0,0
2024-04-22,1661,202121,0,0
2024-04-23,1609,201753,0,0
2024-04-24,1562,201304,0,0
2024-04-25,1526,200782,0,0
2024-04-26,1511,200200,0,0
2024-04-27,1507,199579,0,0
2024-04-28,1507,198926,0,0
2024-04-29,1569,198241,0,0
2024-04-30,1618,197572,0,0
2024-05-01,1918,196822,0,0
2024-05-02,2141,196562,0,0
2024-05-03,2218,196578,0,0
2024-05-04,2218,196700,0,0
2024-05-05,2176,196800,0,0
2024-05-06,2138,197007,0,0
2024-05-07,2539,197257,0,0
2024-05-08,3870,197910,0,0
2024-05-09,4102,200126,0,0
2024-05-10,3742,200990,0,0
2024-05-11,3390,201730,0,0
2024-05-12,3062,202360,0,0
2024-05-13,2725,202828,0,0
2024-05-14,2641,202828,0,0
2024-05-15,6063,202828,0,0
2024-05-16,6833,202828,0,0
2024-05-17,6142,202828,0,0
2024-05-18,5334,202828,0,0
2024-05-19,4647,202828,0,0
2024-05-20,4087,202828,0,0
2024-05-21,3630,202828,0,0
2024-05-22,3399,202828,0,0
2024-05-23,3156,202828,0,0
2024-05-24,2905,202828,0,0
2024-05-25,2678,202828,0,0
2024-05-26,2473,202828,0,0
2024-05-27,2294,202828,0,0
2024-05-28,2137,202828,0,0
2024-05-29,2029,202828,0,0
2024-05-30,1937,202828,0,0
2024-05-31,1853,202828,0,0
2024-06-01,1842,202828,0,0
2024-06-02,2720,202828,0,0
2024-06-03,3514,202828,0,0
2024-06-04,3587,202828,0,0
2024-06-05,3371,202828,0,0
2024-06-06,3104,202828,0,0
2024-06-07,2854,202828,0,0
2024-06-08,2635,202828,0,0
2024-06-09,2445,202828,0,0
2024-06-10,2280,202828,0,0
2024-06-11,2136,202828,0,0
2024-06-12,2018,202828,0,0
2024-06-13,1912,202828,0,0
2024-06-14,1814,202828,0,0
2024-06-15,1767,202828,0,0
2024-06-16,1724,202732,0,0
2024-06-17,1685,202529,0,0
2024-06-18,1648,202232,0,0
2024-06-19,1598,201846,0,0
2024-06-20,1543,201362,0,0
2024-06-21,1537,200803,0,0
2024-06-22,1537,200195,0,0
2024-06-23,1514,199543,0,0
2024-06-24,1477,198832,0,0
2024-06-25,1435,198059,0,0
2024-06-26,1389,197226,0,0
2024-06-27,1342,196329,0,0
2024-06-28,1297,195369,0,0
2024-06-29,1253,194347,0,0
2024-06-30,1225,193263,0,0
2024-07-01,1202,192044,0,0
2024-07-02,1193,190761,0,0
2024-07-03,1193,189458,0,0
2024-07-04,1193,188132,0,0
2024-07-05,1191,186780,0,0
2024-07-06,1192,185417,0,0
2024-07-07,1183,184142,0,0
2024-07-08,1460,182845,0,0
2024-07-09,2215,181979,0,0
2024-07-10,2758,182126,0,0
2024-07-11,2889,182948,0,0
2024-07-12,2889,183957,0,0
2024-07-13,2857,185013,0,0
2024-07-14,2741,186013,0,0
2024-07-15,2508,187079,0,0
2024-07-16,2295,187976,0,0
2024-07-17,2108,188647,0,0
2024-07-18,1946,189073,0,0
2024-07-19,1805,189261,0,0
2024-07-20,1683,189222,0,0
2024-07-21,1578,188977,0,0
2024-07-22,1486,188548,0,0
2024-07-23,1403,187951,0,0
2024-07-24,1332,187203,0,0
2024-07-25,1265,186321,0,0
2024-07-26,1206,185316,0,0
2024-07-27,1153,184202,0,0
2024-07-28,1103,182989,0,0
2024-07-29,1058,181684,0,0
2024-07-30,1017,180295,0,0
2024-07-31,979,178830,0,0
2024-08-01,949,177286,0,0
2024-08-02,917,175798,0,0
2024-08-03,885,174251,0,0
2024-08-04,864,172647,0,0
2024-08-05,863,171007,0,0
2024-08-06,15657,169371,0,0
2024-08-07,13566,171538,0,0
2024-08-08,12529,174275,0,0
2024-08-09,10189,177012,0,0
2024-08-10,8322,179749,0,0
2024-08-11,6855,182403,0,0
2024-08-12,5709,184777,0,0
2024-08-13,4805,186946,0,0
2024-08-14,4185,188964,0,0
2024-08-15,5045,190905,0,0
2024-08-16,4857,193335,0,0
2024-08-17,4327,195678,0,0
2024-08-18,3883,197753,0,0
2024-08-19,3462,199825,0,0
2024-08-20,3091,201789,0,0
2024-08-21,2791,202828,0,0
2024-08-22,2534,202828,0,0
2024-08-23,2308,202828,0,0
2024-08-24,2114,202828,0,0
2024-08-25,1946,202828,0,0
2024-08-26,1801,202828,0,0
2024-08-27,1704,202828,0,0
2024-08-28,1643,202756,0,0
2024-08-29,1584,202529,0,0
2024-08-30,1540,202163,0,0
2024-08-31,1503,201678,0,0
2024-09-01,1467,201216,0,0
2024-09-02,1442,200658,0,0
2024-09-03,1442,200033,0,0
2024-09-04,1559,199355,0,0
2024-09-05,2168,198699,0,0
2024-09-06,2715,198855,0,0
2024-09-07,3338,199722,0,0
2024-09-08,3613,201445,0,0
2024-09-09,7345,202222,0,0
2024-09-10,10741,202828,0,0
2024-09-11,9281,202828,0,0
2024-09-12,8970,202828,0,0
2024-09-13,7764,202828,0,0
2024-09-14,6699,202828,0,0
2024-09-15,5838,202828,0,0
2024-09-16,5140,202828,0,0
2024-09-17,4573,202828,0,0
2024-09-18,4103,202828,0,0
2024-09-19,3712,202828,0,0
2024-09-20,3403,202828,0,0
2024-09-21,3273,202828,0,0
2024-09-22,3036,202828,0,0
2024-09-23,2833,202828,0,0
2024-09-24,2658,202828,0,0
2024-09-25,2506,202828,0,0
2024-09-26,4359,202828,0,0
2024-09-27,5002,202828,0,0
2024-09-28,4664,202828,0,0
2024-09-29,6417,202828,0,0
2024-09-30,7369,202828,0,0
2024-10-01,6684,202828,0,0
2024-10-02,5888,202828,0,0
2024-10-03,5214,202828,0,0
2024-10-04,4660,202828,0,0
2024-10-05,5359,202828,0,0
2024-10-06,5192,202828,0,0
2024-10-07,6717,202828,0,0
2024-10-08,7337,202828,0,0
2024-10-09,6797,202828,0,0
2024-10-10,6172,202828,0,0
2024-10-11,5642,202828,0,0
2024-10-12,5193,202828,0,0
2024-10-13,4807,202828,0,0
2024-10-14,4478,202828,0,0
2024-10-15,4192,202828,0,0
2024-10-16,3954,202828,0,0
2024-10-17,3746,202828,0,0
2024-10-18,3555,202828,0,0
2024-10-19,3381,202828,0,0
2024-10-20,3223,202828,0,0
2024-10-21,3081,202828,0,0
2024-10-22,2950,202828,0,0
2024-10-23,3451,202828,0,0
2024-10-24,3985,202828,0,0
2024-10-25,3997,202828,0,0
2024-10-26,4342,202828,0,0
2024-10-27,4251,202828,0,0
2024-10-28,4416,202828,0,0
2024-10-29,4239,202828,0,0
2024-10-30,4711,202828,0,0
2024-10-31,4583,202828,0,0
2024-11-01,4521,202828,0,0
2024-11-02,4599,202828,0,0
2024-11-03,4504,202828,0,0
2024-11-04,6662,202828,0,0
2024-11-05,6910,202828,0,0
2024-11-06,6317,202828,0,0
2024-11-07,5703,202828,0,0
2024-11-08,5178,202828,0,0
2024-11-09,4738,202828,0,0
2024-11-10,4368,202828,0,0
2024-11-11,4054,202828,0,0
2024-11-12,3786,202828,0,0
2024-11-13,3553,202828,0,0
2024-11-14,3350,202828,0,0
2024-11-15,3172,202828,0,0
2024-11-16,7111,202828,0,0
2024-11-17,7352,202828,0,0
2024-11-18,6634,202828,0,0
2024-11-19,5901,202828,0,0
2024-11-20,5401,202828,0,0
2024-11-21,5541,202828,0,0
2024-11-22,7479,202828,0,0
2024-11-23,7128,202828,0,0
2024-11-24,6450,202828,0,0
2024-11-25,5838,202828,0,0
2024-11-26,5318,202828,0,0
2024-11-27,5923,202828,0,0
2024-11-28,11529,202828,0,0
2024-11-29,10631,202828,0,0
2024-11-30,10380,202828,0,0
2024-12-01,11124,202828,0,0
2024-12-02,10678,202828,0,0
2024-12-03,12015,202828,0,0
2024-12-04,10970,202828,0,0
2024-12-05,10175,202828,0,0
2024-12-06,9346,202828,0,0
2024-12-07,8629,202828,0,0
2024-12-08,8020,202828,0,0
2024-12-09,7499,202828,0,0
2024-12-10,7050,202828,0,0
2024-12-11,6660,202828,0,0
2024-12-12,6315,202828,0,0
2024-12-13,6010,202828,0,0
2024-12-14,5740,202828,0,0
2024-12-15,5492,202828,0,0
2024-12-16,5271,202828,0,0
2024-12-17,5062,202828,0,0
2024-12-18,4867,202828,0,0
2024-12-19,4686,202828,0,0
2024-12-20,10908,202828,0,0
2024-12-21,10452,202828,0,0
2024-12-22,9303,202828,0,0
2024-12-23,8331,202828,0,0
2024-12-24,8549,202828,0,0
2024-12-25,7904,202828,0,0
2024-12-26,7461,202828,0,0
2024-12-27,7605,202828,0,0
2024-12-28,8442,202828,0,0
2024-12-29,7990,202828,0,0
2024-12-30,9941,202828,0,0
2025-01-01,9248,202828,0,0
2025-01-02,8442,202828,0,0
2025-01-03,17265,202828,0,0
2025-01-04,15736,202828,0,0
2025-01-05,14095,202828,0,0
2025-01-06,12746,202828,0,0
2025-01-07,11631,202828,0,0
2025-01-08,10699,202828,0,0
2025-01-09,9921,202828,0,0
2025-01-10,9256,202828,0,0
2025-01-11,8686,202828,0,0
2025-01-12,8195,202828,0,0
2025-01-13,7762,202828,0,0
2025-01-14,7379,202828,0,0
2025-01-15,7036,202828,0,0
2025-01-16,6727,202828,0,0
2025-01-17,8014,202828,0,0
2025-01-18,8180,202828,0,0
2025-01-19,7779,202828,0,0
2025-01-20,7569,202828,0,0
2025-01-21,7187,202828,0,0
2025-01-22,6816,202828,0,0
2025-01-23,6707,202828,0,0
2025-01-24,6663,202828,0,0
2025-01-25,7276,202828,0,0
2025-01-26,7045,202828,0,0
2025-01-27,6680,202828,0,0
2025-01-28,8282,202828,0,0
2025-01-29,8268,202828,0,0
2025-01-30,7764,202828,0,0
2025-01-31,7271,202828,0,0
2025-02-01,7206,202828,0,0
2025-02-02,6870,202828,0,0
2025-02-03,8853,202828,0,0
2025-02-04,8534,202828,0,0
2025-02-05,7971,202828,0,0
2025-02-06,7460,202828,0,0
2025-02-07,7018,202828,0,0
2025-02-08,6705,202828,0,0
2025-02-09,6383,202828,0,0
2025-02-10,6072,202828,0,0
2025-02-11,5791,202828,0,0
2025-02-12,5534,202828,0,0
2025-02-13,5645,202828,0,0
2025-02-14,6326,202828,0,0
2025-02-15,6198,202828,0,0
2025-02-16,5881,202828,0,0
2025-02-17,6488,202828,0,0
2025-02-18,6300,202828,0,0
2025-02-19,6349,202828,0,0
2025-02-20,6059,202828,0,0
2025-02-21,5924,202828,0,0
2025-02-22,7528,202828,0,0
2025-02-23,7338,202828,0,0
2025-02-24,6849,202828,0,0
2025-02-25,6399,202828,0,0
2025-02-26,9777,202828,0,0
2025-02-27,9467,202828,0,0
2025-02-28,8733,202828,0,0
2025-03-01,8065,202828,0,0
2025-03-02,7504,202828,0,0
2025-03-03,7013,202828,0,0
2025-03-04,6588,202828,0,0
2025-03-05,6219,202828,0,0
2025-03-06,5894,202828,0,0
2025-03-07,5606,202828,0,0
2025-03-08,5348,202828,0,0
2025-03-09,5115,202828,0,0
2025-03-10,4902,202828,0,0
2025-03-11,4792,202828,0,0
2025-03-12,6443,202828,0,0
2025-03-13,10477,202828,0,0
2025-03-14,12706,202828,0,0
2025-03-15,11533,202828,0,0
2025-03-16,10426,202828,0,0
2025-03-17,9502,202828,0,0
2025-03-18,8734,202828,0,0
2025-03-19,8093,202828,0,0
2025-03-20,7546,202828,0,0
2025-03-21,7077,202828,0,0
2025-03-22,6671,202828,0,0
2025-03-23,6315,202828,0,0
2025-03-24,6001,202828,0,0
2025-03-25,6050,202828,0,0
2025-03-26,6858,202828,0,0
2025-03-27,10200,202828,0,0
2025-03-28,10918,202828,0,0
2025-03-29,10115,202828,0,0
2025-03-30,9347,202828,0,0
2025-03-31,8673,202828,0,0
2025-04-01,8101,202828,0,0
2025-04-02,7613,202828,0,0
2025-04-03,7183,202828,0,0
2025-04-04,6805,202828,0,0
2025-04-05,6470,202828,0,0
2025-04-06,6171,202828,0,0
2025-04-07,5901,202828,0,0
2025-04-08,5654,202828,0,0
2025-04-09,5427,202828,0,0
2025-04-10,5219,202828,0,0
2025-04-11,5028,202828,0,0
2025-04-12,4848,202828,0,0
2025-04-13,4675,202828,0,0
2025-04-14,4513,202828,0,0
2025-04-15,4360,202828,0,0
2025-04-16,4212,202828,0,0
2025-04-17,4070,202828,0,0
2025-04-18,3936,202828,0,0
2025-04-19,3808,202828,0,0
2025-04-20,3684,202828,0,0
2025-04-21,3566,202828,0,0
2025-04-22,3451,202828,0,0
2025-04-23,3341,202828,0,0
2025-04-24,3236,202828,0,0
2025-04-25,3134,202828,0,0
2025-04-26,3036,202828,0,0
2025-04-27,2940,202828,0,0
2025-04-28,2846,202828,0,0
2025-04-29,2758,202828,0,0
2025-04-30,2672,202828,0,0
2025-05-01,2587,202828,0,0
2025-05-02,2502,202828,0,0
2025-05-03,2424,202828,0,0
2025-05-04,2347,202828,0,0
2025-05-05,2275,202828,0,0
2025-05-06,2296,202828,0,0
2025-05-07,2308,202828,0,0
2025-05-08,2289,202828,0,0
2025-05-09,2348,202828,0,0
2025-05-10,2375,202828,0,0
2025-05-11,2343,202828,0,0
2025-05-12,3107,202828,0,0
2025-05-13,3537,202828,0,0
2025-05-14,3677,202828,0,0
2025-05-15,3553,202828,0,0
2025-05-16,3313,202828,0,0
2025-05-17,3061,202828,0,0
2025-05-18,2830,202828,0,0
2025-05-19,2648,202828,0,0
2025-05-20,2551,202828,0,0
2025-05-21,2498,202828,0,0
2025-05-22,2653,202828,0,0
2025-05-23,2886,202828,0,0
2025-05-24,2924,202828,0,0
2025-05-25,2817,202828,0,0
2025-05-26,2656,202828,0,0
2025-05-27,2489,202828,0,0
2025-05-28,2333,202828,0,0
2025-05-29,2233,202828,0,0
2025-05-30,2166,202828,0,0
2025-05-31,2097,202828,0,0
2025-06-01,2894,202828,0,0
2025-06-02,6694,202828,0,0
2025-06-03,7543,202828,0,0
2025-06-04,6703,202828,0,0
2025-06-05,5833,202828,0,0
2025-06-06,5104,202828,0,0
2025-06-07,4509,202828,0,0
2025-06-08,4021,202828,0,0
2025-06-09,3620,202828,0,0
2025-06-10,3286,202828,0,0
2025-06-11,3010,202828,0,0
2025-06-12,2774,202828,0,0
2025-06-13,2572,202828,0,0
2025-06-14,2397,202828,0,0
2025-06-15,2244,202828,0,0
2025-06-16,2112,202828,0,0
2025-06-17,1994,202828,0,0
2025-06-18,1892,202828,0,0
2025-06-19,1858,202828,0,0
2025-06-20,1852,202828,0,0
2025-06-21,1848,202783,0,0
2025-06-22,1832,202673,0,0
2025-06-23,1805,202503,0,0
2025-06-24,1758,202272,0,0
2025-06-25,1693,201964,0,0
2025-06-26,1628,201564,0,0
2025-06-27,1628,201071,0,0
2025-06-28,1643,200541,0,0
2025-06-29,1754,199971,0,0
2025-06-30,1801,199447,0,0
2025-07-01,1916,198970,0,0
2025-07-02,2362,198513,0,0
2025-07-03,2562,198696,0,0
2025-07-04,2983,199105,0,0
2025-07-05,3072,200180,0,0
2025-07-06,2987,201325,0,0
2025-07-07,2722,202519,0,0
2025-07-08,2464,202828,0,0
2025-07-09,2238,202828,0,0
2025-07-10,2585,202828,0,0
2025-07-11,3074,202828,0,0
2025-07-12,3141,202828,0,0
2025-07-13,2945,202828,0,0
2025-07-14,2681,202828,0,0
2025-07-15,2439,202828,0,0
2025-07-16,7497,202828,0,0
2025-07-17,8426,202828,0,0
2025-07-18,8332,202828,0,0
2025-07-19,7100,202828,0,0
2025-07-20,5998,202828,0,0
2025-07-21,5117,202828,0,0
2025-07-22,4411,202828,0,0
2025-07-23,5513,202828,0,0
2025-07-24,5276,202828,0,0
2025-07-25,4668,202828,0,0
2025-07-26,4091,202828,0,0
2025-07-27,3607,202828,0,0
2025-07-28,3486,202828,0,0
2025-07-29,3275,202828,0,0
2025-07-30,3012,202828,0,0
2025-07-31,2755,202828,0,0
2025-08-01,2523,202828,0,0
2025-08-02,2425,202828,0,0
2025-08-03,2305,202828,0,0
2025-08-04,2203,202828,0,0
2025-08-05,2591,202828,0,0
2025-08-06,2857,202828,0,0
2025-08-07,2849,202828,0,0
2025-08-08,2697,202828,0,0
2025-08-09,2508,202828,0,0
2025-08-10,2326,202828,0,0
2025-08-11,2162,202828,0,0
2025-08-12,2016,202828,0,0
2025-08-13,1946,202828,0,0
2025-08-14,3023,202828,0,0
2025-08-15,4420,202828,0,0
2025-08-16,6853,202828,0,0
2025-08-17,6413,202828,0,0
2025-08-18,5531,202828,0,0
2025-08-19,4814,202828,0,0
2025-08-20,4664,202828,0,0
2025-08-21,5595,202828,0,0
2025-08-22,5959,202828,0,0
2025-08-23,5384,202828,0,0
2025-08-24,4726,202828,0,0
2025-08-25,4513,202828,0,0
2025-08-26,4129,202828,0,0
2025-08-27,3720,202828,0,0
2025-08-28,3739,202828,0,0
2025-08-29,3866,202828,0,0
2025-08-30,3715,202828,0,0
2025-08-31,3775,202828,0,0
2025-09-01,3756,202828,0,0
2025-09-02,3567,202828,0,0
2025-09-03,3324,202828,0,0
2025-09-04,3091,202828,0,0
2025-09-05,2880,202828,0,0
2025-09-06,2695,202828,0,0
2025-09-07,2532,202828,0,0
2025-09-08,2389,202828,0,0
2025-09-09,2262,202828,0,0
2025-09-10,2149,202828,0,0
2025-09-11,2047,202828,0,0
2025-09-12,1954,202828,0,0
2025-09-13,1869,202828,0,0
2025-09-14,1859,202828,0,0
2025-09-15,1854,202828,0,0
2025-09-16,1851,202763,0,0
2025-09-17,1837,202644,0,0
2025-09-18,1808,202471,0,0
2025-09-19,1808,202246,0,0
2025-09-20,2042,201947,0,0
2025-09-21,2452,201779,0,0
2025-09-22,2678,202112,0,0
2025-09-23,2661,202645,0,0
2025-09-24,3976,202828,0,0
2025-09-25,4392,202828,0,0
2025-09-26,4097,202828,0,0
2025-09-27,3669,202828,0,0
2025-09-28,3291,202828,0,0
2025-09-29,2964,202828,0,0
2025-09-30,2681,202828,0,0
2025-10-01,4653,202828,0,0
2025-10-02,5135,202828,0,0
2025-10-03,4699,202828,0,0
2025-10-04,4672,202828,0,0
2025-10-05,4290,202828,0,0
2025-10-06,4018,202828,0,0
2025-10-07,3661,202828,0,0
2025-10-08,3305,202828,0,0
2025-10-09,2987,202828,0,0
2025-10-10,2714,202828,0,0
2025-10-11,2483,202828,0,0
2025-10-12,2289,202828,0,0
2025-10-13,2214,202828,0,0
2025-10-14,2273,202828,0,0
2025-10-15,2310,202828,0,0
2025-10-16,3407,202828,0,0
2025-10-17,9353,202828,0,0
2025-10-18,19738,202828,0,0
2025-10-19,17537,202828,0,0
2025-10-20,16483,202828,0,0
2025-10-21,14114,202828,0,0
2025-10-22,12198,202828,0,0
2025-10-23,10667,202828,0,0
2025-10-24,16092,202828,0,0
2025-10-25,14737,202828,0,0
2025-10-26,13086,202828,0,0
2025-10-27,11731,202828,0,0
2025-10-28,10616,202828,0,0
2025-10-29,9691,202828,0,0
2025-10-30,8923,202828,0,0
2025-10-31,8277,202828,0,0
2025-11-01,7725,202828,0,0
2025-11-02,7249,202828,0,0
2025-11-03,6837,202828,0,0
2025-11-04,6475,202828,0,0
2025-11-05,6155,202828,0,0
2025-11-06,5933,202828,0,0
2025-11-07,5691,202828,0,0
2025-11-08,6124,202828,0,0
2025-11-09,6180,202828,0,0
2025-11-10,5941,202828,0,0
2025-11-11,5663,202828,0,0
2025-11-12,5400,202828,0,0
2025-11-13,5158,202828,0,0
2025-11-14,4943,202828,0,0
2025-11-15,4743,202828,0,0
2025-11-16,4558,202828,0,0
2025-11-17,4384,202828,0,0
2025-11-18,4223,202828,0,0
2025-11-19,4070,202828,0,0
2025-11-20,4039,202828,0,0
2025-11-21,4187,202828,0,0
2025-11-22,4158,202828,0,0
2025-11-23,4348,202828,0,0
2025-11-24,13345,202828,0,0
2025-11-25,12103,202828,0,0
2025-11-26,12395,202828,0,0
2025-11-27,12311,202828,0,0
2025-11-28,10919,202828,0,0
2025-11-29,9727,202828,0,0
2025-11-30,8751,202828,0,0
2025-12-01,8896,202828,0,0
2025-12-02,9130,202828,0,0
2025-12-03,8848,202828,0,0
2025-12-04,8350,202828,0,0
2025-12-05,7744,202828,0,0
2025-12-06,7206,202828,0,0
2025-12-07,6747,202828,0,0
2025-12-08,6364,202828,0,0
2025-12-09,6048,202828,0,0
2025-12-10,5740,202828,0,0
2025-12-11,8716,202828,0,0
2025-12-12,10530,202828,0,0
2025-12-13,11100,202828,0,0
2025-12-14,10230,202828,0,0
2025-12-15,9419,202828,0,0
2025-12-16,8727,202828,0,0
2025-12-17,8135,202828,0,0
2025-12-18,7630,202828,0,0
2025-12-19,7192,202828,0,0
2025-12-20,6809,202828,0,0
2025-12-21,6470,202828,0,0
2025-12-22,6237,202828,0,0
2025-12-23,5970,202828,0,0
2025-12-24,5710,202828,0,0
2025-12-25,5469,202828,0,0
2025-12-26,5249,202828,0,0
2025-12-27,5421,202828,0,0
2025-12-28,6349,202828,0,0
2025-12-29,6598,202828,0,0
2025-12-30,6939,202828,0,0
2025-12-31,6940,202828,0,0
2026-01-01,7356,202828,0,0
2026-01-02,6982,202828,0,0
2026-01-03,6521,202828,0,0
2026-01-04,6112,202828,0,0
2026-01-05,11849,202828,0,0
2026-01-06,11135,202828,0,0
2026-01-07,12264,202828,0,0
2026-01-08,12583,202828,0,0
2026-01-09,13093,202828,0,0
2026-01-10,14191,202828,0,0
2026-01-11,13960,202828,0,0
2026-01-12,14242,202828,0,0
2026-01-13,13079,202828,0,0
2026-01-14,12059,202828,0,0
2026-01-15,11194,202828,0,0
2026-01-16,10460,202828,0,0
2026-01-17,9830,202828,0,0
2026-01-18,9277,202828,0,0
2026-01-19,8793,202828,0,0
2026-01-20,8366,202828,0,0
2026-01-21,7982,202828,0,0
2026-01-22,7635,202828,0,0
2026-01-23,7317,202828,0,0
2026-01-24,7028,202828,0,0
2026-01-25,6761,202828,0,0
2026-01-26,6510,202828,0,0
2026-01-27,6275,202828,0,0
2026-01-28,6054,202828,0,0
2026-01-29,5844,202828,0,0
2026-01-30,5650,202828,0,0
2026-01-31,5594,202828,0,0
2026-02-01,5438,202828,0,0
2026-02-02,5264,202828,0,0
2026-02-03,6309,202828,0,0
2026-02-04,6325,202828,0,0
2026-02-05,6050,202828,0,0
2026-02-06,5757,202828,0,0
2026-02-07,5487,202828,0,0
2026-02-08,5239,202828,0,0
2026-02-09,5013,202828,0,0
2026-02-10,4817,202828,0,0
2026-02-11,4630,202828,0,0
2026-02-12,4452,202828,0,0
2026-02-13,4284,202828,0,0
2026-02-14,4129,202828,0,0
2026-02-15,3982,202828,0,0
2026-02-16,3843,202828,0,0
2026-02-17,3712,202828,0,0
2026-02-18,4540,202828,0,0
2026-02-19,4749,202828,0,0
2026-02-20,4586,202828,0,0
2026-02-21,4344,202828,0,0
2026-02-22,4109,202828,0,0
2026-02-23,3895,202828,0,0
2026-02-24,4159,202828,0,0
2026-02-25,4567,202828,0,0
2026-02-26,4689,202828,0,0
2026-02-27,5927,202828,0,0
2026-02-28,5864,202828,0,0
2026-03-01,5442,202828,0,0
2026-03-02,5015,202828,0,0
2026-03-03,4644,202828,0,0
2026-03-04,4324,202828,0,0
2026-03-05,4050,202828,0,0
2026-03-06,3812,202828,0,0
2026-03-07,3603,202828,0,0
2026-03-08,3788,202828,0,0
2026-03-09,3783,202828,0,0
2026-03-10,3645,202828,0,0
2026-03-11,3551,202828,0,0
2026-03-12,3715,202828,0,0
2026-03-13,3685,202828,0,0
2026-03-14,4020,202828,0,0
2026-03-15,4319,202828,0,0
2026-03-16,4212,202828,0,0
2026-03-17,4129,202828,0,0
2026-03-18,4087,202828,0,0
2026-03-19,3911,202828,0,0
2026-03-20,3691,202828,0,0
2026-03-21,3623,202828,0,0
2026-03-22,3540,202828,0,0
2026-03-23,3393,202828,0,0
2026-03-24,3224,202828,0,0
2026-03-25,3058,202828,0,0
2026-03-26,3231,202828,0,0
2026-03-27,3497,202828,0,0
2026-03-28,3520,202828,0,0
2026-03-29,3397,202828,0,0
2026-03-30,3228,202828,0,0
2026-03-31,3059,202828,0,0
2026-04-01,2904,202828,0,0
2026-04-02,2762,202828,0,0
2026-04-03,2634,202828,0,0
2026-04-04,2518,202828,0,0
2026-04-05,2411,202828,0,0
2026-04-06,2404,202828,0,0
2026-04-07,2497,202828,0,0
2026-04-08,7658,202828,0,0
2026-04-09,8043,202828,0,0
2026-04-10,7280,202828,0,0
2026-04-11,6354,202828,0,0
2026-04-12,5567,202828,0,0
2026-04-13,5262,202828,0,0
2026-04-14,6006,202828,0,0
2026-04-15,7267,202828,0,0
2026-04-16,6772,202828,0,0
2026-04-17,6075,202828,0,0
2026-04-18,10298,202828,0,0
2026-04-19,9618,202828,0,0
2026-04-20,8606,202828,0,0
2026-04-21,7742,202828,0,0
2026-04-22,7030,202828,0,0
2026-04-23,6439,202828,0,0
2026-04-24,6305,202828,0,0
2026-04-25,6546,202828,0,0
2026-04-26,6906,202828,0,0
2026-04-27,6566,202828,0,0
2026-04-28,6130,202828,0,0
2026-04-29,5733,202828,0,0
2026-04-30,5386,202828,0,0
2026-05-01,5085,202828,0,0
2026-05-02,4813,202828,0,0
2026-05-03,4577,202828,0,0
2026-05-04,4364,202828,0,0
2026-05-05,4175,202828,0,0
2026-05-06,4079,202828,0,0
2026-05-07,3951,202828,0,0
2026-05-08,3803,202828,0,0
2026-05-09,3662,202828,0,0
2026-05-10,3825,202828,0,0
2026-05-11,3879,202828,0,0
2026-05-12,3938,202828,0,0
2026-05-13,4182,202828,0,0
2026-05-14,4158,202828,0,0
2026-05-15,4049,202828,0,0
2026-05-16,3876,202828,0,0
2026-05-17,3694,202828,0,0
2026-05-18,3519,202828,0,0
2026-05-19,3471,202828,0,0
2026-05-20,3410,202828,0,0
2026-05-21,3301,202828,0,0
2026-05-22,3216,202828,0,0
2026-05-23,3165,202828,0,0
2026-05-24,4201,202828,0,0
2026-05-25,4794,202828,0,0
2026-05-26,4855,202828,0,0
2026-05-27,4625,202828,0,0
2026-05-28,4340,202828,0,0
2026-05-29,4072,202828,0,0
2026-05-30,3834,202828,0,0
2026-05-31,3654,202828,0,0
2026-06-01,3693,202828,0,0
2026-06-02,3623,202828,0,0
2026-06-03,3486,202828,0,0
2026-06-04,3329,202828,0,0
2026-06-05,3175,202828,0,0
2026-06-06,3030,202828,0,0
2026-06-07,2897,202828,0,0
2026-06-08,2775,202828,0,0
2026-06-09,2664,202828,0,0
2026-06-10,2560,202828,0,0
2026-06-11,2464,202828,0,0
2026-06-12,2373,202828,0,0
2026-06-13,2287,202828,0,0
2026-06-14,2207,202828,0,0
2026-06-15,2131,202828,0,0
2026-06-16,2058,202828,0,0
2026-06-17,1989,202828,0,0
2026-06-18,1969,202828,0,0
2026-06-19,1955,202828,0,0
2026-06-20,1959,202779,0,0
2026-06-21,1958,202695,0,0
2026-06-22,2035,202588,0,0
2026-06-23,2259,202531,0,0
2026-06-24,2388,202703,0,0
2026-06-25,2386,202828,0,0
2026-06-26,2304,202828,0,0
2026-06-27,2190,202828,0,0
2026-06-28,2076,202828,0,0
2026-06-29,2076,202828,0,0
2026-06-30,2078,202828,0,0
2026-07-01,2045,202828,0,0
2026-07-02,2022,202828,0,0
2026-07-03,2022,202796,0,0
2026-07-04,2037,202760,0,0
2026-07-05,2037,202704,0,0
2026-07-06,2374,202632,0,0
2026-07-07,2856,202796,0,0
2026-07-08,2915,202828,0,0
2026-07-09,2805,202828,0,0
2026-07-10,2907,202828,0,0
2026-07-11,2873,202828,0,0
2026-07-12,2714,202828,0,0
2026-07-13,2513,202828,0,0
2026-07-14,2317,202828,0,0
2026-07-15,2138,202828,0,0
2026-07-16,1981,202828,0,0
2026-07-17,2901,202828,0,0
2026-07-18,4680,202828,0,0
2026-07-19,5347,202828,0,0
2026-07-20,5013,202828,0,0
2026-07-21,4424,202828,0,0
2026-07-22,10295,202828,0,0
2026-07-23,9261,202828,0,0
2026-07-24,7761,202828,0,0
2026-07-25,6527,202828,0,0
2026-07-26,5548,202828,0,0
2026-07-27,4771,202828,0,0
2026-07-28,4648,202828,0,0
2026-07-29,5345,202828,0,0
2026-07-30,5068,202828,0,0
2026-07-31,4503,202828,0,0
2026-08-01,3969,202828,0,0
2026-08-02,3673,202828,0,0
2026-08-03,3492,202828,0,0
2026-08-04,3855,202828,0,0
2026-08-05,3825,202828,0,0
2026-08-06,3564,202828,0,0
2026-08-07,3262,202828,0,0
2026-08-08,2984,202828,0,0
2026-08-09,2741,202828,0,0
2026-08-10,2531,202828,0,0
2026-08-11,2351,202828,0,0
2026-08-12,2196,202828,0,0
2026-08-13,2124,202828,0,0
2026-08-14,2121,202828,0,0
2026-08-15,2386,202828,0,0
2026-08-16,3518,202828,0,0
2026-08-17,6153,202828,0,0
2026-08-18,6039,202828,0,0
2026-08-19,5841,202828,0,0
2026-08-20,5207,202828,0,0
2026-08-21,4566,202828,0,0
2026-08-22,4019,202828,0,0
2026-08-23,3592,202828,0,0
2026-08-24,3315,202828,0,0
2026-08-25,3147,202828,0,0
2026-08-26,2944,202828,0,0
2026-08-27,2728,202828,0,0
2026-08-28,2754,202828,0,0
2026-08-29,2736,202828,0,0
2026-08-30,2628,202828,0,0
2026-08-31,2478,202828,0,0
2026-09-01,2326,202828,0,0
2026-09-02,2181,202828,0,0
2026-09-03,2180,202828,0,0
2026-09-04,2278,202828,0,0
2026-09-05,2361,202828,0,0
2026-09-06,2346,202828,0,0
2026-09-07,2260,202828,0,0
2026-09-08,2147,202828,0,0
2026-09-09,2029,202828,0,0
2026-09-10,2152,202828,0,0
2026-09-11,2387,202828,0,0
2026-09-12,2717,202828,0,0
2026-09-13,4005,202828,0,0
2026-09-14,4918,202828,0,0
2026-09-15,4688,202828,0,0
2026-09-16,4193,202828,0,0
2026-09-17,3717,202828,0,0
2026-09-18,3308,202828,0,0
2026-09-19,2968,202828,0,0
2026-09-20,2712,202828,0,0
2026-09-21,5326,202828,0,0
2026-09-22,8008,202828,0,0
2026-09-23,7209,202828,0,0
2026-09-24,8298,202828,0,0
2026-09-25,7319,202828,0,0
2026-09-26,6288,202828,0,0
2026-09-27,7174,202828,0,0
2026-09-28,8910,202828,0,0
2026-09-29,9066,202828,0,0
2026-09-30,8188,202828,0,0
2026-10-01,7585,202828,0,0
2026-10-02,6808,202828,0,0
2026-10-03,6128,202828,0,0
2026-10-04,5561,202828,0,0
2026-10-05,5086,202828,0,0
2026-10-06,4688,202828,0,0
2026-10-07,4349,202828,0,0
2026-10-08,4060,202828,0,0
2026-10-09,3811,202828,0,0
2026-10-10,3592,202828,0,0
2026-10-11,3401,202828,0,0
2026-10-12,3229,202828,0,0
2026-10-13,3077,202828,0,0
2026-10-14,2939,202828,0,0
2026-10-15,2813,202828,0,0
2026-10-16,2867,202828,0,0
2026-10-17,8261,202828,0,0
2026-10-18,8363,202828,0,0
2026-10-19,7372,202828,0,0
2026-10-20,6480,202828,0,0
2026-10-21,5751,202828,0,0
2026-10-22,5154,202828,0,0
2026-10-23,4665,202828,0,0
2026-10-24,4638,202828,0,0
2026-10-25,4409,202828,0,0
2026-10-26,4112,202828,0,0
2026-10-27,3829,202828,0,0
2026-10-28,3584,202828,0,0
2026-10-29,3983,202828,0,0
2026-10-30,4166,202828,0,0
2026-10-31,4603,202828,0,0
2026-11-01,7511,202828,0,0
2026-11-02,7407,202828,0,0
2026-11-03,6628,202828,0,0
2026-11-04,9146,202828,0,0
2026-11-05,11652,202828,0,0
2026-11-06,10427,202828,0,0
2026-11-07,9226,202828,0,0
2026-11-08,9140,202828,0,0
2026-11-09,8311,202828,0,0
2026-11-10,7546,202828,0,0
2026-11-11,6904,202828,0,0
2026-11-12,6365,202828,0,0
2026-11-13,5913,202828,0,0
2026-11-14,5524,202828,0,0
2026-11-15,5190,202828,0,0
2026-11-16,5371,202828,0,0
2026-11-17,5320,202828,0,0
2026-11-18,5889,202828,0,0
2026-11-19,5742,202828,0,0
2026-11-20,5406,202828,0,0
2026-11-21,5389,202828,0,0
2026-11-22,5313,202828,0,0
2026-11-23,5341,202828,0,0
2026-11-24,10011,202828,0,0
2026-11-25,9606,202828,0,0
2026-11-26,8716,202828,0,0
2026-11-27,8638,202828,0,0
2026-11-28,8002,202828,0,0
2026-11-29,7414,202828,0,0
2026-11-30,6886,202828,0,0
2026-12-01,6430,202828,0,0
2026-12-02,6094,202828,0,0
2026-12-03,5819,202828,0,0
2026-12-04,5728,202828,0,0
2026-12-05,5487,202828,0,0
2026-12-06,5226,202828,0,0
2026-12-07,4980,202828,0,0
2026-12-08,4756,202828,0,0
2026-12-09,4558,202828,0,0
2026-12-10,4493,202828,0,0
2026-12-11,4604,202828,0,0
2026-12-12,4533,202828,0,0
2026-12-13,6445,202828,0,0
2026-12-14,7350,202828,0,0
2026-12-15,7812,202828,0,0
2026-12-16,7336,202828,0,0
2026-12-17,6989,202828,0,0
2026-12-18,6420,202828,0,0
2026-12-19,5893,202828,0,0
2026-12-20,6645,202828,0,0
2026-12-21,6678,202828,0,0
2026-12-22,7120,202828,0,0
2026-12-23,9510,202828,0,0
2026-12-24,9838,202828,0,0
2026-12-25,9012,202828,0,0
2026-12-26,8232,202828,0,0
2026-12-27,7571,202828,0,0
2026-12-28,8975,202828,0,0
2026-12-29,8494,202828,0,0
2026-12-30,8383,202828,0,0
2026-12-31,7970,202828,0,0
2027-01-01,9119,202828,0,0
2027-01-02,8637,202828,0,0
2027-01-03,8095,202828,0,0
2027-01-04,7765,202828,0,0
2027-01-05,7309,202828,0,0
2027-01-06,6884,202828,0,0
2027-01-07,6508,202828,0,0
2027-01-08,6177,202828,0,0
2027-01-09,5884,202828,0,0
2027-01-10,5619,202828,0,0
2027-01-11,5379,202828,0,0
2027-01-12,5159,202828,0,0
2027-01-13,4955,202828,0,0
2027-01-14,4766,202828,0,0
2027-01-15,4595,202828,0,0
2027-01-16,4508,202828,0,0
2027-01-17,4378,202828,0,0
2027-01-18,4229,202828,0,0
2027-01-19,4082,202828,0,0
2027-01-20,3940,202828,0,0
2027-01-21,3803,202828,0,0
2027-01-22,3673,202828,0,0
2027-01-23,3550,202828,0,0
2027-01-24,3433,202828,0,0
2027-01-25,3321,202828,0,0
2027-01-26,3213,202828,0,0
2027-01-27,3108,202828,0,0
2027-01-28,3020,202828,0,0
2027-01-29,3468,202828,0,0
2027-01-30,3657,202828,0,0
2027-01-31,3697,202828,0,0
2027-02-01,4856,202828,0,0
2027-02-02,4988,202828,0,0
2027-02-03,4660,202828,0,0
2027-02-04,4278,202828,0,0
2027-02-05,3935,202828,0,0
2027-02-06,4096,202828,0,0
2027-02-07,4004,202828,0,0
2027-02-08,3774,202828,0,0
2027-02-09,3715,202828,0,0
2027-02-10,4044,202828,0,0
2027-02-11,4574,202828,0,0
2027-02-12,4985,202828,0,0
2027-02-13,4783,202828,0,0
2027-02-14,5192,202828,0,0
2027-02-15,5659,202828,0,0
2027-02-16,5376,202828,0,0
2027-02-17,4973,202828,0,0
2027-02-18,4699,202828,0,0
2027-02-19,4538,202828,0,0
2027-02-20,4291,202828,0,0
2027-02-21,4728,202828,0,0
2027-02-22,5732,202828,0,0
2027-02-23,5820,202828,0,0
2027-02-24,5407,202828,0,0
2027-02-25,5389,202828,0,0
2027-02-26,5348,202828,0,0
2027-02-27,5630,202828,0,0
2027-02-28,5365,202828,0,0
2027-03-01,8958,202828,0,0
2027-03-02,8848,202828,0,0
2027-03-03,8450,202828,0,0
2027-03-04,8347,202828,0,0
2027-03-05,7917,202828,0,0
2027-03-06,7749,202828,0,0
2027-03-07,9495,202828,0,0
2027-03-08,8839,202828,0,0
2027-03-09,8054,202828,0,0
2027-03-10,8751,202828,0,0
2027-03-11,8193,202828,0,0
2027-03-12,8193,202828,0,0
2027-03-13,8303,202828,0,0
2027-03-14,7791,202828,0,0
2027-03-15,7421,202828,0,0
2027-03-16,6961,202828,0,0
2027-03-17,6541,202828,0,0
2027-03-18,6927,202828,0,0
2027-03-19,6673,202828,0,0
2027-03-20,6312,202828,0,0
2027-03-21,5978,202828,0,0
2027-03-22,5676,202828,0,0
2027-03-23,5405,202828,0,0
2027-03-24,5165,202828,0,0
2027-03-25,4942,202828,0,0
2027-03-26,6762,202828,0,0
2027-03-27,6756,202828,0,0
2027-03-28,6313,202828,0,0
2027-03-29,5902,202828,0,0
2027-03-30,6261,202828,0,0
2027-03-31,6245,202828,0,0
2027-04-01,6186,202828,0,0
2027-04-02,5940,202828,0,0
2027-04-03,5617,202828,0,0
2027-04-04,6210,202828,0,0
2027-04-05,9512,202828,0,0
2027-04-06,8995,202828,0,0
2027-04-07,8436,202828,0,0
2027-04-08,7715,202828,0,0
2027-04-09,7083,202828,0,0
2027-04-10,6551,202828,0,0
2027-04-11,6098,202828,0,0
2027-04-12,5711,202828,0,0
2027-04-13,5694,202828,0,0
2027-04-14,6501,202828,0,0
2027-04-15,6877,202828,0,0
2027-04-16,7260,202828,0,0
2027-04-17,9028,202828,0,0
2027-04-18,12018,202828,0,0
2027-04-19,12060,202828,0,0
2027-04-20,10974,202828,0,0
2027-04-21,10913,202828,0,0
2027-04-22,10610,202828,0,0
2027-04-23,11006,202828,0,0
2027-04-24,10118,202828,0,0
2027-04-25,9281,202828,0,0
2027-04-26,8667,202828,0,0
2027-04-27,8387,202828,0,0
2027-04-28,7871,202828,0,0
2027-04-29,7384,202828,0,0
2027-04-30,6959,202828,0,0
2027-05-01,6597,202828,0,0
2027-05-02,7355,202828,0,0
2027-05-03,7144,202828,0,0
2027-05-04,7744,202828,0,0
2027-05-05,9629,202828,0,0
2027-05-06,8956,202828,0,0
2027-05-07,11063,202828,0,0
2027-05-08,10192,202828,0,0
2027-05-09,9268,202828,0,0
2027-05-10,9225,202828,0,0
2027-05-11,14138,202828,0,0
2027-05-12,14182,202828,0,0
2027-05-13,18035,202828,0,0
2027-05-14,16257,202828,0,0
2027-05-15,14711,202828,0,0
2027-05-16,13432,202828,0,0
2027-05-17,12370,202828,0,0
2027-05-18,11480,202828,0,0
2027-05-19,10711,202828,0,0
2027-05-20,10063,202828,0,0
2027-05-21,9493,202828,0,0
2027-05-22,8991,202828,0,0
2027-05-23,8576,202828,0,0
2027-05-24,8305,202828,0,0
2027-05-25,7958,202828,0,0
2027-05-26,8299,202828,0,0
2027-05-27,8085,202828,0,0
2027-05-28,7721,202828,0,0
2027-05-29,7378,202828,0,0
2027-05-30,7152,202828,0,0
2027-05-31,6866,202828,0,0
2027-06-01,6586,202828,0,0
2027-06-02,6320,202828,0,0
2027-06-03,6080,202828,0,0
2027-06-04,5857,202828,0,0
2027-06-05,5645,202828,0,0
2027-06-06,5508,202828,0,0
2027-06-07,5334,202828,0,0
2027-06-08,5152,202828,0,0
2027-06-09,4973,202828,0,0
2027-06-10,4803,202828,0,0
2027-06-11,4643,202828,0,0
2027-06-12,5874,202828,0,0
2027-06-13,6339,202828,0,0
2027-06-14,6310,202828,0,0
2027-06-15,5968,202828,0,0
2027-06-16,5572,202828,0,0
2027-06-17,6024,202828,0,0
2027-06-18,5843,202828,0,0
2027-06-19,5504,202828,0,0
2027-06-20,5176,202828,0,0
2027-06-21,4883,202828,0,0
2027-06-22,5555,202828,0,0
2027-06-23,5604,202828,0,0
2027-06-24,5330,202828,0,0
2027-06-25,5004,202828,0,0
2027-06-26,4802,202828,0,0
2027-06-27,4963,202828,0,0
2027-06-28,4819,202828,0,0
2027-06-29,8081,202828,0,0
2027-06-30,7963,202828,0,0
2027-07-01,7276,202828,0,0
2027-07-02,6632,202828,0,0
2027-07-03,6101,202828,0,0
2027-07-04,5654,202828,0,0
2027-07-05,5272,202828,0,0
2027-07-06,4944,202828,0,0
2027-07-07,4660,202828,0,0
2027-07-08,4410,202828,0,0
2027-07-09,4190,202828,0,0
2027-07-10,3992,202828,0,0
2027-07-11,3814,202828,0,0
2027-07-12,3654,202828,0,0
2027-07-13,3508,202828,0,0
2027-07-14,3372,202828,0,0
2027-07-15,3248,202828,0,0
2027-07-16,3130,202828,0,0
2027-07-17,5314,202828,0,0
2027-07-18,6683,202828,0,0
2027-07-19,6250,202828,0,0
2027-07-20,5585,202828,0,0
2027-07-21,5000,202828,0,0
2027-07-22,4754,202828,0,0
2027-07-23,8378,202828,0,0
2027-07-24,7912,202828,0,0
2027-07-25,6925,202828,0,0
2027-07-26,6072,202828,0,0
2027-07-27,5376,202828,0,0
2027-07-28,6283,202828,0,0
2027-07-29,5995,202828,0,0
2027-07-30,5446,202828,0,0
2027-07-31,4939,202828,0,0
2027-08-01,4508,202828,0,0
2027-08-02,4173,202828,0,0
2027-08-03,3865,202828,0,0
2027-08-04,3603,202828,0,0
2027-08-05,3376,202828,0,0
2027-08-06,3178,202828,0,0
2027-08-07,3012,202828,0,0
2027-08-08,5162,202828,0,0
2027-08-09,5683,202828,0,0
2027-08-10,5312,202828,0,0
2027-08-11,4842,202828,0,0
2027-08-12,4422,202828,0,0
2027-08-13,4063,202828,0,0
2027-08-14,3761,202828,0,0
2027-08-15,3502,202828,0,0
2027-08-16,3279,202828,0,0
2027-08-17,3085,202828,0,0
2027-08-18,2915,202828,0,0
2027-08-19,2765,202828,0,0
2027-08-20,2631,202828,0,0
2027-08-21,2513,202828,0,0
2027-08-22,2405,202828,0,0
2027-08-23,2305,202828,0,0
2027-08-24,2212,202828,0,0
2027-08-25,2127,202828,0,0
2027-08-26,2137,202828,0,0
2027-08-27,2145,202828,0,0
2027-08-28,2137,202828,0,0
2027-08-29,2104,202828,0,0
2027-08-30,2783,202828,0,0
2027-08-31,3540,202828,0,0
2027-09-01,3683,202828,0,0
2027-09-02,3497,202828,0,0
2027-09-03,3238,202828,0,0
2027-09-04,3078,202828,0,0
2027-09-05,2906,202828,0,0
2027-09-06,2729,202828,0,0
2027-09-07,2560,202828,0,0
2027-09-08,2405,202828,0,0
2027-09-09,2267,202828,0,0
2027-09-10,2143,202828,0,0
2027-09-11,2032,202828,0,0
2027-09-12,1933,202828,0,0
2027-09-13,1842,202828,0,0
2027-09-14,1798,202825,0,0
2027-09-15,1757,202718,0,0
2027-09-16,1721,202515,0,0
2027-09-17,1686,202225,0,0
2027-09-18,1627,201854,0,0
2027-09-19,1591,201382,0,0
2027-09-20,1559,200841,0,0
2027-09-21,1544,200229,0,0
2027-09-22,1775,199571,0,0
2027-09-23,2862,199005,0,0
2027-09-24,3591,199742,0,0
2027-09-25,3841,201572,0,0
2027-09-26,4058,202828,0,0
2027-09-27,3884,202828,0,0
2027-09-28,4595,202828,0,0
2027-09-29,4489,202828,0,0
2027-09-30,4072,202828,0,0
2027-10-01,3642,202828,0,0
2027-10-02,3267,202828,0,0
2027-10-03,2947,202828,0,0
2027-10-04,2678,202828,0,0
2027-10-05,2450,202828,0,0
2027-10-06,2259,202828,0,0
2027-10-07,2097,202828,0,0
2027-10-08,1954,202828,0,0
2027-10-09,1830,202828,0,0
2027-10-10,1719,202828,0,0
2027-10-11,1664,202828,0,0
2027-10-12,1617,202722,0,0
2027-10-13,1573,202497,0,0
2027-10-14,1519,202165,0,0
2027-10-15,1454,201720,0,0
2027-10-16,1426,201157,0,0
2027-10-17,1422,200527,0,0
2027-10-18,1422,199844,0,0
2027-10-19,1546,199116,0,0
2027-10-20,1703,198467,0,0
2027-10-21,1786,197967,0,0
2027-10-22,1786,197535,0,0
2027-10-23,1786,197090,0,0
2027-10-24,1854,196795,0,0
2027-10-25,1860,196603,0,0
2027-10-26,1859,196450,0,0
2027-10-27,1823,196340,0,0
2027-10-28,1780,196233,0,0
2027-10-29,1728,196101,0,0
2027-10-30,1634,195915,0,0
2027-10-31,1548,195617,0,0
2027-11-01,1466,195207,0,0
2027-11-02,1393,194628,0,0
2027-11-03,1327,193939,0,0
2027-11-04,1288,193145,0,0
2027-11-05,1260,192292,0,0
2027-11-06,1235,191373,0,0
2027-11-07,1206,190384,0,0
2027-11-08,1188,189327,0,0
2027-11-09,1172,188230,0,0
2027-11-10,1215,187088,0,0
2027-11-11,1343,185978,0,0
2027-11-12,1828,185054,0,0
2027-11-13,2313,184811,0,0
2027-11-14,2653,185203,0,0
2027-11-15,2814,186059,0,0
2027-11-16,2814,187160,0,0
2027-11-17,2769,188197,0,0
2027-11-18,3204,189249,0,0
2027-11-19,3221,190978,0,0
2027-11-20,3025,192697,0,0
2027-11-21,2883,194427,0,0
2027-11-22,2731,196021,0,0
2027-11-23,3004,197154,0,0
2027-11-24,2960,197834,0,0
2027-11-25,3227,198470,0,0
2027-11-26,3311,199285,0,0
2027-11-27,3081,200042,0,0
2027-11-28,2782,200700,0,0
2027-11-29,2508,201270,0,0
2027-11-30,2341,201772,0,0
2027-12-01,2188,202281,0,0
2027-12-02,2046,202680,0,0
2027-12-03,1898,202828,0,0
2027-12-04,1763,202828,0,0
2027-12-05,1698,202828,0,0
2027-12-06,1638,202719,0,0
2027-12-07,1570,202471,0,0
2027-12-08,1532,202089,0,0
2027-12-09,1522,201620,0,0
2027-12-10,1528,201087,0,0
2027-12-11,1528,200499,0,0
2027-12-12,1503,199850,0,0
2027-12-13,1456,199134,0,0
2027-12-14,1430,198346,0,0
2027-12-15,1418,197541,0,0
2027-12-16,1402,196703,0,0
2027-12-17,1376,195825,0,0
2027-12-18,1339,194896,0,0
2027-12-19,1307,193910,0,0
2027-12-20,1281,192883,0,0
2027-12-21,1708,191822,0,0
2027-12-22,3548,191342,0,0
2027-12-23,4134,192350,0,0
2027-12-24,4117,194513,0,0
2027-12-25,3983,196686,0,0
2027-12-26,3752,198842,0,0
2027-12-27,3418,200297,0,0
2027-12-28,3242,201590,0,0
2027-12-29,3047,202237,0,0
2027-12-30,4165,202828,0,0
2027-12-31,4377,202828,0,0
2028-01-01,4142,202828,0,0
2028-01-02,3698,202828,0,0
2028-01-03,3506,202828,0,0
2028-01-04,3252,202828,0,0
2028-01-05,3067,202828,0,0
2028-01-06,2932,202828,0,0
2028-01-07,2940,202828,0,0
2028-01-08,2859,202828,0,0
2028-01-09,2703,202828,0,0
2028-01-10,2702,202828,0,0
2028-01-11,2651,202828,0,0
2028-01-12,2535,202828,0,0
2028-01-13,2670,202828,0,0
2028-01-14,2715,202828,0,0
2028-01-15,2944,202828,0,0
2028-01-16,3000,202828,0,0
2028-01-17,2896,202828,0,0
2028-01-18,3569,202828,0,0
2028-01-19,3788,202828,0,0
2028-01-20,4294,202828,0,0
2028-01-21,4308,202828,0,0
2028-01-22,6080,202828,0,0
2028-01-23,6260,202828,0,0
2028-01-24,5746,202828,0,0
2028-01-25,5198,202828,0,0
2028-01-26,4725,202828,0,0
2028-01-27,4327,202828,0,0
2028-01-28,3990,202828,0,0
2028-01-29,3704,202828,0,0
2028-01-30,3457,202828,0,0
2028-01-31,3715,202828,0,0
2028-02-01,3748,202828,0,0
2028-02-02,3607,202828,0,0
2028-02-03,3410,202828,0,0
2028-02-04,3316,202828,0,0
2028-02-05,3561,202828,0,0
2028-02-06,4275,202828,0,0
2028-02-07,4376,202828,0,0
2028-02-08,6327,202828,0,0
2028-02-09,6307,202828,0,0
2028-02-10,5765,202828,0,0
2028-02-11,7090,202828,0,0
2028-02-12,6786,202828,0,0
2028-02-13,6209,202828,0,0
2028-02-14,5693,202828,0,0
2028-02-15,5245,202828,0,0
2028-02-16,4865,202828,0,0
2028-02-17,4538,202828,0,0
2028-02-18,4256,202828,0,0
2028-02-19,4013,202828,0,0
2028-02-20,3891,202828,0,0
2028-02-21,4708,202828,0,0
2028-02-22,4847,202828,0,0
2028-02-23,4637,202828,0,0
2028-02-24,4363,202828,0,0
2028-02-25,4106,202828,0,0
2028-02-26,4093,202828,0,0
2028-02-27,3989,202828,0,0
2028-02-28,3823,202828,0,0
2028-02-29,3700,202828,0,0
2028-03-01,3761,202828,0,0
2028-03-02,4693,202828,0,0
2028-03-03,4866,202828,0,0
2028-03-04,4654,202828,0,0
2028-03-05,4374,202828,0,0
2028-03-06,4109,202828,0,0
2028-03-07,3873,202828,0,0
2028-03-08,3667,202828,0,0
2028-03-09,3495,202828,0,0
2028-03-10,3375,202828,0,0
2028-03-11,3369,202828,0,0
2028-03-12,4764,202828,0,0
2028-03-13,5171,202828,0,0
2028-03-14,5233,202828,0,0
2028-03-15,4964,202828,0,0
2028-03-16,4798,202828,0,0
2028-03-17,4539,202828,0,0
2028-03-18,4265,202828,0,0
2028-03-19,4015,202828,0,0
2028-03-20,3793,202828,0,0
2028-03-21,3595,202828,0,0
2028-03-22,3419,202828,0,0
2028-03-23,3260,202828,0,0
2028-03-24,3116,202828,0,0
2028-03-25,2986,202828,0,0
2028-03-26,2866,202828,0,0
2028-03-27,2754,202828,0,0
2028-03-28,3000,202828,0,0
2028-03-29,3140,202828,0,0
2028-03-30,3119,202828,0,0
2028-03-31,3137,202828,0,0
2028-04-01,3084,202828,0,0
2028-04-02,2974,202828,0,0
2028-04-03,2843,202828,0,0
2028-04-04,2713,202828,0,0
2028-04-05,2591,202828,0,0
2028-04-06,2604,202828,0,0
2028-04-07,2594,202828,0,0
2028-04-08,2719,202828,0,0
2028-04-09,2894,202828,0,0
2028-04-10,2927,202828,0,0
2028-04-11,2851,202828,0,0
2028-04-12,2732,202828,0,0
2028-04-13,2603,202828,0,0
2028-04-14,2477,202828,0,0
2028-04-15,2359,202828,0,0
2028-04-16,2252,202828,0,0
2028-04-17,2716,202828,0,0
2028-04-18,3039,202828,0,0
2028-04-19,3529,202828,0,0
2028-04-20,3800,202828,0,0
2028-04-21,3678,202828,0,0
2028-04-22,3414,202828,0,0
2028-04-23,3136,202828,0,0
2028-04-24,2883,202828,0,0
2028-04-25,2662,202828,0,0
2028-04-26,3192,202828,0,0
2028-04-27,3439,202828,0,0
2028-04-28,3332,202828,0,0
2028-04-29,3100,202828,0,0
2028-04-30,2860,202828,0,0
2028-05-01,2637,202828,0,0
2028-05-02,2814,202828,0,0
2028-05-03,3262,202828,0,0
2028-05-04,3542,202828,0,0
2028-05-05,3671,202828,0,0
2028-05-06,4023,202828,0,0
2028-05-07,4991,202828,0,0
2028-05-08,4959,202828,0,0
2028-05-09,4569,202828,0,0
2028-05-10,4414,202828,0,0
2028-05-11,4131,202828,0,0
2028-05-12,3821,202828,0,0
2028-05-13,3533,202828,0,0
2028-05-14,3283,202828,0,0
2028-05-15,3064,202828,0,0
2028-05-16,2876,202828,0,0
2028-05-17,2707,202828,0,0
2028-05-18,2561,202828,0,0
2028-05-19,2431,202828,0,0
2028-05-20,2313,202828,0,0
2028-05-21,2213,202828,0,0
2028-05-22,2121,202828,0,0
2028-05-23,2040,202828,0,0
2028-05-24,2009,202828,0,0
2028-05-25,1978,202828,0,0
2028-05-26,2265,202828,0,0
2028-05-27,2494,202828,0,0
2028-05-28,2574,202828,0,0
2028-05-29,2687,202828,0,0
2028-05-30,2680,202828,0,0
2028-05-31,2572,202828,0,0
2028-06-01,2418,202828,0,0
2028-06-02,2268,202828,0,0
2028-06-03,2169,202828,0,0
2028-06-04,2854,202828,0,0
2028-06-05,3327,202828,0,0
2028-06-06,3317,202828,0,0
2028-06-07,3103,202828,0,0
2028-06-08,2862,202828,0,0
2028-06-09,2634,202828,0,0
2028-06-10,2430,202828,0,0
2028-06-11,2251,202828,0,0
2028-06-12,2098,202828,0,0
2028-06-13,2011,202828,0,0
2028-06-14,1933,202828,0,0
2028-06-15,3245,202828,0,0
2028-06-16,4389,202828,0,0
2028-06-17,5344,202828,0,0
2028-06-18,5041,202828,0,0
2028-06-19,4469,202828,0,0
2028-06-20,3936,202828,0,0
2028-06-21,3485,202828,0,0
2028-06-22,3113,202828,0,0
2028-06-23,2803,202828,0,0
2028-06-24,2588,202828,0,0
2028-06-25,2405,202828,0,0
2028-06-26,3507,202828,0,0
2028-06-27,4015,202828,0,0
2028-06-28,3830,202828,0,0
2028-06-29,3464,202828,0,0
2028-06-30,3107,202828,0,0
2028-07-01,2782,202828,0,0
2028-07-02,2762,202828,0,0
2028-07-03,2686,202828,0,0
2028-07-04,2536,202828,0,0
2028-07-05,2357,202828,0,0
2028-07-06,2277,202828,0,0
2028-07-07,2189,202828,0,0
2028-07-08,2086,202828,0,0
2028-07-09,2073,202828,0,0
2028-07-10,2122,202828,0,0
2028-07-11,2121,202828,0,0
2028-07-12,3562,202828,0,0
2028-07-13,11133,202828,0,0
2028-07-14,10908,202828,0,0
2028-07-15,9296,202828,0,0
2028-07-16,7943,202828,0,0
2028-07-17,7134,202828,0,0
2028-07-18,6277,202828,0,0
2028-07-19,5549,202828,0,0
2028-07-20,4949,202828,0,0
2028-07-21,4455,202828,0,0
2028-07-22,4046,202828,0,0
2028-07-23,3703,202828,0,0
2028-07-24,3414,202828,0,0
2028-07-25,3165,202828,0,0
2028-07-26,2953,202828,0,0
2028-07-27,2769,202828,0,0
2028-07-28,2608,202828,0,0
2028-07-29,2466,202828,0,0
2028-07-30,2339,202828,0,0
2028-07-31,2227,202828,0,0
2028-08-01,2151,202828,0,0
2028-08-02,2059,202828,0,0
2028-08-03,1974,202828,0,0
2028-08-04,1911,202828,0,0
2028-08-05,1868,202753,0,0
2028-08-06,1839,202583,0,0
2028-08-07,1812,202335,0,0
2028-08-08,1784,202016,0,0
2028-08-09,1742,201630,0,0
2028-08-10,1722,201167,0,0
2028-08-11,1719,200669,0,0
2028-08-12,1702,200132,0,0
2028-08-13,1702,199545,0,0
2028-08-14,2525,198876,0,0
2028-08-15,4281,199204,0,0
2028-08-16,5269,201322,0,0
2028-08-17,4896,202382,0,0
2028-08-18,4373,202828,0,0
2028-08-19,3904,202828,0,0
2028-08-20,3447,202828,0,0
2028-08-21,3304,202828,0,0
2028-08-22,3191,202828,0,0
2028-08-23,3001,202828,0,0
2028-08-24,2826,202828,0,0
2028-08-25,2689,202828,0,0
2028-08-26,2534,202828,0,0
2028-08-27,3021,202828,0,0
2028-08-28,3243,202828,0,0
2028-08-29,3128,202828,0,0
2028-08-30,2889,202828,0,0
2028-08-31,2787,202828,0,0
2028-09-01,2642,202828,0,0
2028-09-02,2491,202828,0,0
2028-09-03,2391,202828,0,0
2028-09-04,2804,202828,0,0
2028-09-05,5767,202828,0,0
2028-09-06,6579,202828,0,0
2028-09-07,6379,202828,0,0
2028-09-08,5596,202828,0,0
2028-09-09,4854,202828,0,0
2028-09-10,4243,202828,0,0
2028-09-11,3739,202828,0,0
2028-09-12,3543,202828,0,0
2028-09-13,3285,202828,0,0
2028-09-14,3454,202828,0,0
2028-09-15,4354,202828,0,0
2028-09-16,4366,202828,0,0
2028-09-17,4130,202828,0,0
2028-09-18,4052,202828,0,0
2028-09-19,8945,202828,0,0
2028-09-20,17706,202828,0,0
2028-09-21,17086,202828,0,0
2028-09-22,25404,202828,0,0
2028-09-23,21364,202828,0,0
2028-09-24,18650,202828,0,0
2028-09-25,16024,202828,0,0
2028-09-26,13907,202828,0,0
2028-09-27,13104,202828,0,0
2028-09-28,11652,202828,0,0
2028-09-29,12782,202828,0,0
2028-09-30,11549,202828,0,0
2028-10-01,30736,202828,0,0
2028-10-02,26825,202828,0,0
2028-10-03,23610,202828,0,0
2028-10-04,33526,202828,0,0
2028-10-05,30073,202828,0,0
2028-10-06,26816,202828,0,0
2028-10-07,24154,202828,0,0
2028-10-08,21986,202828,0,0
2028-10-09,20163,202828,0,0
2028-10-10,18642,202828,0,0
2028-10-11,17347,202828,0,0
2028-10-12,16240,202828,0,0
2028-10-13,15299,202828,0,0
2028-10-14,14469,202828,0,0
2028-10-15,13744,202828,0,0
2028-10-16,13087,202828,0,0
2028-10-17,12499,202828,0,0
2028-10-18,11964,202828,0,0
2028-10-19,11480,202828,0,0
2028-10-20,11030,202828,0,0
2028-10-21,10607,202828,0,0
2028-10-22,10218,202828,0,0
2028-10-23,9856,202828,0,0
2028-10-24,9510,202828,0,0
2028-10-25,9190,202828,0,0
2028-10-26,12126,202828,0,0
2028-10-27,11600,202828,0,0
2028-10-28,12645,202828,0,0
2028-10-29,11929,202828,0,0
2028-10-30,11221,202828,0,0
2028-10-31,10608,202828,0,0
2028-11-01,10063,202828,0,0
2028-11-02,11004,202828,0,0
2028-11-03,10505,202828,0,0
2028-11-04,9952,202828,0,0
2028-11-05,9779,202828,0,0
2028-11-06,9329,202828,0,0
2028-11-07,8897,202828,0,0
2028-11-08,8517,202828,0,0
2028-11-09,8299,202828,0,0
2028-11-10,7973,202828,0,0
2028-11-11,9449,202828,0,0
2028-11-12,10209,202828,0,0
2028-11-13,9676,202828,0,0
2028-11-14,9174,202828,0,0
2028-11-15,8665,202828,0,0
2028-11-16,8211,202828,0,0
2028-11-17,7810,202828,0,0
2028-11-18,7832,202828,0,0
2028-11-19,8705,202828,0,0
2028-11-20,9405,202828,0,0
2028-11-21,8854,202828,0,0
2028-11-22,11056,202828,0,0
2028-11-23,13103,202828,0,0
2028-11-24,12067,202828,0,0
2028-11-25,11074,202828,0,0
2028-11-26,10954,202828,0,0
2028-11-27,10772,202828,0,0
2028-11-28,10064,202828,0,0
2028-11-29,9416,202828,0,0
2028-11-30,8855,202828,0,0
2028-12-01,8375,202828,0,0
2028-12-02,8247,202828,0,0
2028-12-03,7881,202828,0,0
2028-12-04,7514,202828,0,0
2028-12-05,7559,202828,0,0
2028-12-06,8845,202828,0,0
2028-12-07,8537,202828,0,0
2028-12-08,8128,202828,0,0
2028-12-09,7708,202828,0,0
2028-12-10,7313,202828,0,0
2028-12-11,6962,202828,0,0
2028-12-12,6644,202828,0,0
2028-12-13,6481,202828,0,0
2028-12-14,9458,202828,0,0
2028-12-15,9056,202828,0,0
2028-12-16,8334,202828,0,0
2028-12-17,8442,202828,0,0
2028-12-18,9363,202828,0,0
2028-12-19,11411,202828,0,0
2028-12-20,11406,202828,0,0
2028-12-21,13303,202828,0,0
2028-12-22,19075,202828,0,0
2028-12-23,16840,202828,0,0
2028-12-24,14931,202828,0,0
2028-12-25,13401,202828,0,0
2028-12-26,12140,202828,0,0
2028-12-27,15783,202828,0,0
2028-12-28,14352,202828,0,0
2028-12-29,13064,202828,0,0
2028-12-30,14046,202828,0,0
2029-01-01,13519,202828,0,0
2029-01-02,12465,202828,0,0
2029-01-03,11557,202828,0,0
2029-01-04,11203,202828,0,0
2029-01-05,10538,202828,0,0
2029-01-06,11037,202828,0,0
2029-01-07,12506,202828,0,0
2029-01-08,11730,202828,0,0
2029-01-09,10953,202828,0,0
2029-01-10,17223,202828,0,0
2029-01-11,19582,202828,0,0
2029-01-12,18867,202828,0,0
2029-01-13,19245,202828,0,0
2029-01-14,20852,202828,0,0
2029-01-15,19049,202828,0,0
2029-01-16,17511,202828,0,0
2029-01-17,16223,202828,0,0
2029-01-18,15135,202828,0,0
2029-01-19,14193,202828,0,0
2029-01-20,13389,202828,0,0
2029-01-21,16481,202828,0,0
2029-01-22,15419,202828,0,0
2029-01-23,14426,202828,0,0
2029-01-24,13890,202828,0,0
2029-01-25,13190,202828,0,0
2029-01-26,13156,202828,0,0
2029-01-27,13156,202828,0,0
2029-01-28,12482,202828,0,0
2029-01-29,12076,202828,0,0
2029-01-30,11488,202828,0,0
2029-01-31,11397,202828,0,0
2029-02-01,10896,202828,0,0
2029-02-02,10429,202828,0,0
2029-02-03,9989,202828,0,0
2029-02-04,10850,202828,0,0
2029-02-05,10421,202828,0,0
2029-02-06,9929,202828,0,0
2029-02-07,9479,202828,0,0
2029-02-08,9073,202828,0,0
2029-02-09,8701,202828,0,0
2029-02-10,8371,202828,0,0
2029-02-11,8069,202828,0,0
2029-02-12,7771,202828,0,0
2029-02-13,7490,202828,0,0
2029-02-14,7227,202828,0,0
2029-02-15,6999,202828,0,0
2029-02-16,7900,202828,0,0
2029-02-17,8189,202828,0,0
2029-02-18,7863,202828,0,0
2029-02-19,7486,202828,0,0
2029-02-20,7138,202828,0,0
2029-02-21,7647,202828,0,0
2029-02-22,7430,202828,0,0
2029-02-23,7084,202828,0,0
2029-02-24,6753,202828,0,0
2029-02-25,6457,202828,0,0
2029-02-26,6614,202828,0,0
2029-02-27,6441,202828,0,0
2029-02-28,7612,202828,0,0
2029-03-01,11766,202828,0,0
2029-03-02,10904,202828,0,0
2029-03-03,9773,202828,0,0
2029-03-04,11533,202828,0,0
2029-03-05,12371,202828,0,0
2029-03-06,14109,202828,0,0
2029-03-07,12779,202828,0,0
2029-03-08,11588,202828,0,0
2029-03-09,10603,202828,0,0
2029-03-10,9773,202828,0,0
2029-03-11,9082,202828,0,0
2029-03-12,8581,202828,0,0
2029-03-13,8068,202828,0,0
2029-03-14,7639,202828,0,0
2029-03-15,7237,202828,0,0
2029-03-16,6880,202828,0,0
2029-03-17,6558,202828,0,0
2029-03-18,6700,202828,0,0
2029-03-19,6539,202828,0,0
2029-03-20,6861,202828,0,0
2029-03-21,7028,202828,0,0
2029-03-22,7933,202828,0,0
2029-03-23,9002,202828,0,0
2029-03-24,8442,202828,0,0
2029-03-25,7796,202828,0,0
2029-03-26,7658,202828,0,0
2029-03-27,7881,202828,0,0
2029-03-28,10617,202828,0,0
2029-03-29,11084,202828,0,0
2029-03-30,12890,202828,0,0
2029-03-31,12046,202828,0,0
2029-04-01,11864,202828,0,0
2029-04-02,10922,202828,0,0
2029-04-03,10093,202828,0,0
2029-04-04,10050,202828,0,0
2029-04-05,9427,202828,0,0
2029-04-06,8831,202828,0,0
2029-04-07,8316,202828,0,0
2029-04-08,7865,202828,0,0
2029-04-09,7583,202828,0,0
2029-04-10,7447,202828,0,0
2029-04-11,7144,202828,0,0
2029-04-12,6818,202828,0,0
2029-04-13,6517,202828,0,0
2029-04-14,6242,202828,0,0
2029-04-15,6476,202828,0,0
2029-04-16,6805,202828,0,0
2029-04-17,6697,202828,0,0
2029-04-18,6406,202828,0,0
2029-04-19,6616,202828,0,0
2029-04-20,6401,202828,0,0
2029-04-21,7272,202828,0,0
2029-04-22,7086,202828,0,0
2029-04-23,6708,202828,0,0
2029-04-24,6349,202828,0,0
2029-04-25,6340,202828,0,0
2029-04-26,6387,202828,0,0
2029-04-27,6139,202828,0,0
2029-04-28,5843,202828,0,0
2029-04-29,5567,202828,0,0
2029-04-30,5317,202828,0,0
2029-05-01,5088,202828,0,0
2029-05-02,4876,202828,0,0
2029-05-03,4685,202828,0,0
2029-05-04,4507,202828,0,0
2029-05-05,4343,202828,0,0
2029-05-06,4406,202828,0,0
2029-05-07,4607,202828,0,0
2029-05-08,5813,202828,0,0
2029-05-09,6472,202828,0,0
2029-05-10,6114,202828,0,0
2029-05-11,5761,202828,0,0
2029-05-12,6142,202828,0,0
2029-05-13,7755,202828,0,0
2029-05-14,7286,202828,0,0
2029-05-15,6580,202828,0,0
2029-05-16,5963,202828,0,0
2029-05-17,6891,202828,0,0
2029-05-18,6529,202828,0,0
2029-05-19,6283,202828,0,0
2029-05-20,6194,202828,0,0
2029-05-21,5783,202828,0,0
2029-05-22,5351,202828,0,0
2029-05-23,4974,202828,0,0
2029-05-24,9551,202828,0,0
2029-05-25,9234,202828,0,0
2029-05-26,8354,202828,0,0
2029-05-27,7589,202828,0,0
2029-05-28,6950,202828,0,0
2029-05-29,6415,202828,0,0
2029-05-30,5963,202828,0,0
2029-05-31,5577,202828,0,0
2029-06-01,5242,202828,0,0
2029-06-02,4943,202828,0,0
2029-06-03,4689,202828,0,0
2029-06-04,4460,202828,0,0
2029-06-05,4257,202828,0,0
2029-06-06,5019,202828,0,0
2029-06-07,5122,202828,0,0
2029-06-08,4919,202828,0,0
2029-06-09,4675,202828,0,0
2029-06-10,4436,202828,0,0
2029-06-11,4218,202828,0,0
2029-06-12,4238,202828,0,0
2029-06-13,4143,202828,0,0
2029-06-14,3982,202828,0,0
2029-06-15,3809,202828,0,0
2029-06-16,3645,202828,0,0
2029-06-17,3493,202828,0,0
2029-06-18,3352,202828,0,0
2029-06-19,3223,202828,0,0
2029-06-20,3101,202828,0,0
2029-06-21,2996,202828,0,0
2029-06-22,2892,202828,0,0
2029-06-23,2791,202828,0,0
2029-06-24,2695,202828,0,0
2029-06-25,2603,202828,0,0
2029-06-26,2514,202828,0,0
2029-06-27,2429,202828,0,0
2029-06-28,2348,202828,0,0
2029-06-29,2304,202828,0,0
2029-06-30,2399,202828,0,0
2029-07-01,2453,202828,0,0
2029-07-02,3152,202828,0,0
2029-07-03,3563,202828,0,0
2029-07-04,3544,202828,0,0
2029-07-05,3358,202828,0,0
2029-07-06,3144,202828,0,0
2029-07-07,2944,202828,0,0
2029-07-08,2763,202828,0,0
2029-07-09,2605,202828,0,0
2029-07-10,2464,202828,0,0
2029-07-11,2339,202828,0,0
2029-07-12,2226,202828,0,0
2029-07-13,2123,202828,0,0
2029-07-14,2032,202828,0,0
2029-07-15,1947,202828,0,0
2029-07-16,1904,202799,0,0
2029-07-17,1867,202674,0,0
2029-07-18,1867,202461,0,0
2029-07-19,2453,202180,0,0
2029-07-20,3126,202370,0,0
2029-07-21,3278,202828,0,0
2029-07-22,3139,202828,0,0
2029-07-23,2917,202828,0,0
2029-07-24,2694,202828,0,0
2029-07-25,2494,202828,0,0
2029-07-26,2320,202828,0,0
2029-07-27,2166,202828,0,0
2029-07-28,2032,202828,0,0
2029-07-29,1913,202828,0,0
2029-07-30,1831,202828,0,0
2029-07-31,1780,202731,0,0
2029-08-01,1734,202513,0,0
2029-08-02,1689,202176,0,0
2029-08-03,1655,201752,0,0
2029-08-04,1645,201253,0,0
2029-08-05,1639,200691,0,0
2029-08-06,1639,200075,0,0
2029-08-07,1965,199420,0,0
2029-08-08,2571,199038,0,0
2029-08-09,2849,199425,0,0
2029-08-10,2818,200197,0,0
2029-08-11,2577,200898,0,0
2029-08-12,2472,201250,0,0
2029-08-13,2399,201545,0,0
2029-08-14,4449,201849,0,0
2029-08-15,5028,202593,0,0
2029-08-16,4812,202828,0,0
2029-08-17,5351,202828,0,0
2029-08-18,8881,202828,0,0
2029-08-19,8607,202828,0,0
2029-08-20,9331,202828,0,0
2029-08-21,7996,202828,0,0
2029-08-22,6759,202828,0,0
2029-08-23,5765,202828,0,0
2029-08-24,4971,202828,0,0
2029-08-25,4332,202828,0,0
2029-08-26,3815,202828,0,0
2029-08-27,3666,202828,0,0
2029-08-28,3493,202828,0,0
2029-08-29,3243,202828,0,0
2029-08-30,2979,202828,0,0
2029-08-31,2737,202828,0,0
2029-09-01,2528,202828,0,0
2029-09-02,2342,202828,0,0
2029-09-03,2182,202828,0,0
2029-09-04,2043,202828,0,0
2029-09-05,2062,202828,0,0
2029-09-06,2082,202828,0,0
2029-09-07,2054,202828,0,0
2029-09-08,2637,202828,0,0
2029-09-09,3428,202828,0,0
2029-09-10,5915,202828,0,0
2029-09-11,5954,202828,0,0
2029-09-12,5295,202828,0,0
2029-09-13,4651,202828,0,0
2029-09-14,4111,202828,0,0
2029-09-15,3672,202828,0,0
2029-09-16,3304,202828,0,0
2029-09-17,2997,202828,0,0
2029-09-18,2738,202828,0,0
2029-09-19,2519,202828,0,0
2029-09-20,2330,202828,0,0
2029-09-21,2169,202828,0,0
2029-09-22,2028,202828,0,0
2029-09-23,1907,202828,0,0
2029-09-24,1797,202828,0,0
2029-09-25,1797,202828,0,0
2029-09-26,1766,202795,0,0
2029-09-27,1737,202657,0,0
2029-09-28,1737,202429,0,0
2029-09-29,1820,202209,0,0
2029-09-30,1883,201999,0,0
2029-10-01,1920,201805,0,0
2029-10-02,1920,201720,0,0
2029-10-03,1896,201650,0,0
2029-10-04,1835,201577,0,0
2029-10-05,1764,201456,0,0
2029-10-06,1698,201267,0,0
2029-10-07,1633,200997,0,0
2029-10-08,1568,200638,0,0
2029-10-09,1568,200186,0,0
2029-10-10,2000,199701,0,0
2029-10-11,2609,199649,0,0
2029-10-12,5482,200346,0,0
2029-10-13,5768,201861,0,0
2029-10-14,5106,202828,0,0
2029-10-15,4431,202828,0,0
2029-10-16,3901,202828,0,0
2029-10-17,3570,202828,0,0
2029-10-18,3185,202828,0,0
2029-10-19,2865,202828,0,0
2029-10-20,2597,202828,0,0
2029-10-21,2605,202828,0,0
2029-10-22,2589,202828,0,0
2029-10-23,2500,202828,0,0
2029-10-24,2369,202828,0,0
2029-10-25,2229,202828,0,0
2029-10-26,2092,202828,0,0
2029-10-27,1966,202828,0,0
2029-10-28,1850,202828,0,0
2029-10-29,1749,202828,0,0
2029-10-30,1698,202828,0,0
2029-10-31,1652,202742,0,0
2029-11-01,1611,202548,0,0
2029-11-02,1560,202204,0,0
2029-11-03,1497,201756,0,0
2029-11-04,1440,201197,0,0
2029-11-05,1386,200536,0,0
2029-11-06,1337,199780,0,0
2029-11-07,1291,198937,0,0
2029-11-08,1246,198012,0,0
2029-11-09,1206,197011,0,0
2029-11-10,1167,195941,0,0
2029-11-11,1133,194803,0,0
2029-11-12,1100,193606,0,0
2029-11-13,1069,192353,0,0
2029-11-14,1041,191044,0,0
2029-11-15,1011,189686,0,0
2029-11-16,982,188280,0,0
2029-11-17,955,186829,0,0
2029-11-18,937,185336,0,0
2029-11-19,923,183811,0,0
2029-11-20,923,182257,0,0
2029-11-21,972,180714,0,0
2029-11-22,1043,179181,0,0
2029-11-23,1080,177675,0,0
2029-11-24,1124,176264,0,0
2029-11-25,1230,174991,0,0
2029-11-26,1296,173845,0,0
2029-11-27,2290,172796,0,0
2029-11-28,3295,173230,0,0
2029-11-29,3654,174879,0,0
2029-11-30,3439,176896,0,0
2029-12-01,3124,178725,0,0
2029-12-02,2917,180328,0,0
2029-12-03,5459,181850,0,0
2029-12-04,5754,184383,0,0
2029-12-05,5008,186859,0,0
2029-12-06,4252,189141,0,0
2029-12-07,3899,191257,0,0
2029-12-08,5396,193344,0,0
2029-12-09,8204,195540,0,0
2029-12-10,7711,197125,0,0
2029-12-11,6618,198532,0,0
2029-12-12,5683,199913,0,0
2029-12-13,7129,201018,0,0
2029-12-14,6618,202425,0,0
2029-12-15,10210,202828,0,0
2029-12-16,9375,202828,0,0
2029-12-17,8301,202828,0,0
2029-12-18,7398,202828,0,0
2029-12-19,6656,202828,0,0
2029-12-20,6045,202828,0,0
2029-12-21,5535,202828,0,0
2029-12-22,5106,202828,0,0
2029-12-23,4743,202828,0,0
2029-12-24,4434,202828,0,0
2029-12-25,4167,202828,0,0
2029-12-26,3934,202828,0,0
2029-12-27,3730,202828,0,0
2029-12-28,3846,202828,0,0
2029-12-29,3970,202828,0,0
2029-12-30,4566,202828,0,0
2029-12-31,4596,202828,0,0
2030-01-01,6231,202828,0,0
2030-01-02,6638,202828,0,0
2030-01-03,6173,202828,0,0
2030-01-04,5636,202828,0,0
2030-01-05,5192,202828,0,0
2030-01-06,7273,202828,0,0
2030-01-07,16541,202828,0,0
2030-01-08,15195,202828,0,0
2030-01-09,13459,202828,0,0
2030-01-10,12257,202828,0,0
2030-01-11,11065,202828,0,0
2030-01-12,10081,202828,0,0
2030-01-13,9277,202828,0,0
2030-01-14,8585,202828,0,0
2030-01-15,9224,202828,0,0
2030-01-16,12774,202828,0,0
2030-01-17,13517,202828,0,0
2030-01-18,12405,202828,0,0
2030-01-19,17691,202828,0,0
2030-01-20,16076,202828,0,0
2030-01-21,14616,202828,0,0
2030-01-22,14288,202828,0,0
2030-01-23,13416,202828,0,0
2030-01-24,12447,202828,0,0
2030-01-25,12042,202828,0,0
2030-01-26,11307,202828,0,0
2030-01-27,10634,202828,0,0
2030-01-28,10046,202828,0,0
2030-01-29,9535,202828,0,0
2030-01-30,9078,202828,0,0
2030-01-31,9226,202828,0,0
2030-02-01,8849,202828,0,0
2030-02-02,8450,202828,0,0
2030-02-03,8079,202828,0,0
2030-02-04,7741,202828,0,0
2030-02-05,7431,202828,0,0
2030-02-06,7145,202828,0,0
2030-02-07,6879,202828,0,0
2030-02-08,6630,202828,0,0
2030-02-09,6400,202828,0,0
2030-02-10,6178,202828,0,0
2030-02-11,5966,202828,0,0
2030-02-12,5766,202828,0,0
2030-02-13,5576,202828,0,0
2030-02-14,5393,202828,0,0
2030-02-15,5217,202828,0,0
2030-02-16,5048,202828,0,0
2030-02-17,4885,202828,0,0
2030-02-18,4730,202828,0,0
2030-02-19,4661,202828,0,0
2030-02-20,4540,202828,0,0
2030-02-21,4399,202828,0,0
2030-02-22,4252,202828,0,0
2030-02-23,4112,202828,0,0
2030-02-24,3976,202828,0,0
2030-02-25,3847,202828,0,0
2030-02-26,3724,202828,0,0
2030-02-27,3605,202828,0,0
2030-02-28,3490,202828,0,0
2030-03-01,3385,202828,0,0
2030-03-02,4632,202828,0,0
2030-03-03,6164,202828,0,0
2030-03-04,6155,202828,0,0
2030-03-05,5776,202828,0,0
2030-03-06,5406,202828,0,0
2030-03-07,5077,202828,0,0
2030-03-08,4780,202828,0,0
2030-03-09,4515,202828,0,0
2030-03-10,4281,202828,0,0
2030-03-11,4071,202828,0,0
2030-03-12,3886,202828,0,0
2030-03-13,3716,202828,0,0
2030-03-14,3561,202828,0,0
2030-03-15,3419,202828,0,0
2030-03-16,3286,202828,0,0
2030-03-17,3162,202828,0,0
2030-03-18,3047,202828,0,0
2030-03-19,2940,202828,0,0
2030-03-20,2837,202828,0,0
2030-03-21,2740,202828,0,0
2030-03-22,2648,202828,0,0
2030-03-23,2559,202828,0,0
2030-03-24,2474,202828,0,0
2030-03-25,2394,202828,0,0
2030-03-26,2315,202828,0,0
2030-03-27,2242,202828,0,0
2030-03-28,2171,202828,0,0
2030-03-29,2104,202828,0,0
2030-03-30,2053,202828,0,0
2030-03-31,2003,202828,0,0
2030-04-01,2198,202828,0,0
2030-04-02,2389,202828,0,0
2030-04-03,2456,202828,0,0
2030-04-04,2424,202828,0,0
2030-04-05,2339,202828,0,0
2030-04-06,2238,202828,0,0
2030-04-07,2137,202828,0,0
2030-04-08,2041,202828,0,0
2030-04-09,1958,202828,0,0
2030-04-10,1917,202828,0,0
2030-04-11,1894,202828,0,0
2030-04-12,1886,202828,0,0
2030-04-13,1873,202828,0,0
2030-04-14,1877,202798,0,0
2030-04-15,1877,202742,0,0
2030-04-16,2153,202666,0,0
2030-04-17,2651,202760,0,0
2030-04-18,2928,202828,0,0
2030-04-19,2911,202828,0,0
2030-04-20,2744,202828,0,0
2030-04-21,2590,202828,0,0
2030-04-22,2429,202828,0,0
2030-04-23,2266,202828,0,0
2030-04-24,2224,202828,0,0
2030-04-25,2207,202828,0,0
2030-04-26,2344,202828,0,0
2030-04-27,2429,202828,0,0
2030-04-28,2491,202828,0,0
2030-04-29,2726,202828,0,0
2030-04-30,2799,202828,0,0
2030-05-01,2709,202828,0,0
2030-05-02,2544,202828,0,0
2030-05-03,2373,202828,0,0
2030-05-04,2224,202828,0,0
2030-05-05,2087,202828,0,0
2030-05-06,1960,202828,0,0
2030-05-07,1844,202828,0,0
2030-05-08,1800,202828,0,0
2030-05-09,1749,202828,0,0
2030-05-10,1702,202713,0,0
2030-05-11,1647,202491,0,0
2030-05-12,1614,202161,0,0
2030-05-13,1614,201747,0,0
2030-05-14,1780,201281,0,0
2030-05-15,1877,200860,0,0
2030-05-16,1893,200491,0,0
2030-05-17,1893,200186,0,0
2030-05-18,2132,199947,0,0
2030-05-19,2426,200011,0,0
2030-05-20,2560,200394,0,0
2030-05-21,2487,200959,0,0
2030-05-22,2328,201470,0,0
2030-05-23,2247,201930,0,0
2030-05-24,2249,202387,0,0
2030-05-25,2494,202828,0,0
2030-05-26,2602,202828,0,0
2030-05-27,2531,202828,0,0
2030-05-28,2372,202828,0,0
2030-05-29,2194,202828,0,0
2030-05-30,2024,202828,0,0
2030-05-31,1871,202828,0,0
2030-06-01,1735,202828,0,0
2030-06-02,1668,202811,0,0
2030-06-03,1610,202646,0,0
2030-06-04,1684,202355,0,0
2030-06-05,2216,202012,0,0
2030-06-06,2638,202065,0,0
2030-06-07,2751,202670,0,0
2030-06-08,2899,202828,0,0
2030-06-09,2843,202828,0,0
2030-06-10,2648,202828,0,0
2030-06-11,2417,202828,0,0
2030-06-12,2199,202828,0,0
2030-06-13,2005,202828,0,0
2030-06-14,1835,202828,0,0
2030-06-15,1970,202828,0,0
2030-06-16,2502,202828,0,0
2030-06-17,2799,202828,0,0
2030-06-18,2756,202828,0,0
2030-06-19,2560,202828,0,0
2030-06-20,2335,202828,0,0
2030-06-21,2124,202828,0,0
2030-06-22,1937,202828,0,0
2030-06-23,1775,202828,0,0
2030-06-24,3411,202828,0,0
2030-06-25,4461,202828,0,0
2030-06-26,4286,202828,0,0
2030-06-27,3821,202828,0,0
2030-06-28,3371,202828,0,0
2030-06-29,2991,202828,0,0
2030-06-30,3001,202828,0,0
2030-07-01,2932,202828,0,0
2030-07-02,2746,202828,0,0
2030-07-03,2540,202828,0,0
2030-07-04,2466,202828,0,0
2030-07-05,2379,202828,0,0
2030-07-06,2263,202828,0,0
2030-07-07,2134,202828,0,0
2030-07-08,2001,202828,0,0
2030-07-09,1878,202828,0,0
2030-07-10,1792,202828,0,0
2030-07-11,1737,202734,0,0
2030-07-12,1688,202519,0,0
2030-07-13,1643,202190,0,0
2030-07-14,1578,201755,0,0
2030-07-15,1509,201198,0,0
2030-07-16,1449,200520,0,0
2030-07-17,1391,199732,0,0
2030-07-18,1340,198842,0,0
2030-07-19,1290,197860,0,0
2030-07-20,1245,196790,0,0
2030-07-21,1203,195639,0,0
2030-07-22,1162,194414,0,0
2030-07-23,1125,193118,0,0
2030-07-24,1088,191758,0,0
2030-07-25,1054,190335,0,0
2030-07-26,1021,188854,0,0
2030-07-27,990,187318,0,0
2030-07-28,962,185730,0,0
2030-07-29,948,184094,0,0
2030-07-30,948,182473,0,0
2030-07-31,968,180847,0,0
2030-08-01,990,179210,0,0
2030-08-02,1010,177548,0,0
2030-08-03,1015,175992,0,0
2030-08-04,1015,174424,0,0
2030-08-05,1013,172850,0,0
2030-08-06,990,171275,0,0
2030-08-07,961,169680,0,0
2030-08-08,929,168061,0,0
2030-08-09,899,166414,0,0
2030-08-10,869,164736,0,0
2030-08-11,840,163027,0,0
2030-08-12,811,161285,0,0
2030-08-13,785,159507,0,0
2030-08-14,759,157700,0,0
2030-08-15,735,155861,0,0
2030-08-16,712,153990,0,0
2030-08-17,691,152089,0,0
2030-08-18,687,150158,0,0
2030-08-19,680,148214,0,0
2030-08-20,660,146270,0,0
2030-08-21,641,144326,0,0
2030-08-22,593,142382,0,1
2030-08-23,577,141000,0,1
2030-08-24,560,139594,0,1
2030-08-25,545,138162,0,1
2030-08-26,528,136707,0,1
2030-08-27,514,135227,0,1
2030-08-28,531,133742,0,1
2030-08-29,561,132302,0,1
2030-08-30,728,130932,0,2
2030-08-31,814,129938,0,2
2030-09-01,910,129037,0,2
2030-09-02,984,128227,0,2
2030-09-03,1024,127467,0,2
2030-09-04,1052,126721,0,2
2030-09-05,1056,125978,0,2
2030-09-06,1029,125215,0,2
2030-09-07,987,124405,0,2
2030-09-08,945,123540,0,2
2030-09-09,903,122669,0,2
2030-09-10,864,121786,0,2
2030-09-11,829,120884,0,2
2030-09-12,795,119959,0,2
2030-09-13,762,119006,0,2
2030-09-14,734,118022,0,2
2030-09-15,706,117010,0,2
2030-09-16,648,115968,0,2
2030-09-17,605,114863,0,2
2030-09-18,579,113707,0,2
2030-09-19,559,112500,0,2
2030-09-20,540,111244,0,2
2030-09-21,523,109945,0,2
2030-09-22,521,108646,0,2
2030-09-23,530,107347,0,2
2030-09-24,536,106048,0,2
2030-09-25,522,104749,0,2
2030-09-26,510,103450,0,3
2030-09-27,500,102215,0,3
2030-09-28,478,100980,0,3
2030-09-29,473,99745,0,3
2030-09-30,469,98510,0,3
2030-10-01,469,97275,0,3
2030-10-02,472,96079,0,3
2030-10-03,476,94891,0,3
2030-10-04,482,93706,0,3
2030-10-05,486,92521,0,3
2030-10-06,490,91333,0,3
2030-10-07,493,90142,0,3
2030-10-08,494,88948,0,3
2030-10-09,493,87752,0,3
2030-10-10,490,86556,0,3
2030-10-11,487,85435,0,3
2030-10-12,484,84314,0,3
2030-10-13,486,83193,0,3
2030-10-14,486,82072,0,3
2030-10-15,481,80951,0,3
2030-10-16,473,79830,0,3
2030-10-17,465,78709,0,3
2030-10-18,456,77588,0,3
2030-10-19,448,76467,0,3
2030-10-20,430,75346,0,3
2030-10-21,426,74218,0,3
2030-10-22,426,73090,0,3
2030-10-23,430,71962,0,3
2030-10-24,432,70834,0,3
2030-10-25,452,69706,0,3
2030-10-26,479,68578,0,3
2030-10-27,462,67466,0,3
2030-10-28,517,66448,0,3
2030-10-29,644,65515,0,3
2030-10-30,699,64691,0,3
2030-10-31,796,63888,0,3
2030-11-01,843,63153,0,3
2030-11-02,878,62409,0,3
2030-11-03,842,61671,0,3
2030-11-04,826,60861,0,3
2030-11-05,802,59999,0,3
2030-11-06,783,59252,0,3
2030-11-07,920,58521,0,3
2030-11-08,1112,58222,0,3
2030-11-09,1469,58250,0,3
2030-11-10,1777,58713,0,3
2030-11-11,1868,59524,0,3
2030-11-12,1868,60367,0,3
2030-11-13,1818,61122,0,3
2030-11-14,1719,61694,0,3
2030-11-15,1667,62048,0,3
2030-11-16,1711,62645,0,3
2030-11-17,1750,63283,0,3
2030-11-18,1750,63991,0,3
2030-11-19,1749,64709,0,3
2030-11-20,1661,65374,0,3
2030-11-21,1541,65942,0,3
2030-11-22,1426,66309,0,3
2030-11-23,1150,66552,0,3
2030-11-24,1098,66498,0,3
2030-11-25,1040,66359,0,3
2030-11-26,997,66136,0,3
2030-11-27,901,65832,0,3
2030-11-28,861,65387,0,3
2030-11-29,837,64868,0,3
2030-11-30,1024,64326,0,3
2030-12-01,2060,63984,0,3
2030-12-02,3168,65301,0,3
2030-12-03,4128,67540,0,3
2030-12-04,4267,70291,0,3
2030-12-05,3835,73091,0,3
2030-12-06,3316,75651,0,3
2030-12-07,2917,78082,0,2
2030-12-08,2722,80263,0,2
2030-12-09,2568,82241,0,2
2030-12-10,2557,84168,0,2
2030-12-11,2394,85976,0,2
2030-12-12,2219,87611,0,2
2030-12-13,2091,89002,0,2
2030-12-14,2400,90238,0,2
2030-12-15,2794,91797,0,1
2030-12-16,2821,93714,0,1
2030-12-17,2970,95538,0,1
2030-12-18,6909,97515,0,1
2030-12-19,7084,100674,0,1
2030-12-20,6168,103841,0,1
2030-12-21,5202,106816,0,1
2030-12-22,4600,109564,0,1
2030-12-23,4059,112241,0,1
2030-12-24,3543,114814,0,0
2030-12-25,3094,116857,0,0
2030-12-26,2914,118802,0,0
2030-12-27,2869,120623,0,0
2030-12-28,2988,122403,0,0
2030-12-29,3124,124222,0,0
2030-12-30,3012,126153,0,0
2030-12-31,2917,127969,0,0
2031-01-01,2803,129401,0,0
2031-01-02,3252,131042,0,0
2031-01-03,3523,133024,0,0
2031-01-04,5168,135068,0,0
2031-01-05,5990,137658,0,0
2031-01-06,5473,140539,0,0
2031-01-07,7370,143204,0,0
2031-01-08,6831,146113,0,0
2031-01-09,6768,149022,0,0
2031-01-10,6204,151931,0,0
2031-01-11,7979,154789,0,0
2031-01-12,7366,157698,0,0
2031-01-13,6531,160607,0,0
2031-01-14,6207,163476,0,0
2031-01-15,6419,166297,0,0
2031-01-16,6882,169200,0,0
2031-01-17,6990,172109,0,0
2031-01-18,7606,175018,0,0
2031-01-19,7896,177927,0,0
2031-01-20,8315,180836,0,0
2031-01-21,9265,183745,0,0
2031-01-22,11096,186654,0,0
2031-01-23,10951,188876,0,0
2031-01-24,9965,191098,0,0
2031-01-25,9351,193320,0,0
2031-01-26,8608,195484,0,0
2031-01-27,7949,196317,0,0
2031-01-28,7388,197150,0,0
2031-01-29,6909,197983,0,0
2031-01-30,8566,198816,0,0
2031-01-31,8246,199649,0,0
2031-02-01,8014,200482,0,0
2031-02-02,7519,201315,0,0
2031-02-03,7048,202148,0,0
2031-02-04,6640,202828,0,0
2031-02-05,7161,202828,0,0
2031-02-06,8608,202828,0,0
2031-02-07,8233,202828,0,0
2031-02-08,7677,202828,0,0
2031-02-09,8433,202828,0,0
2031-02-10,8084,202828,0,0
2031-02-11,7579,202828,0,0
2031-02-12,7126,202828,0,0
2031-02-13,7485,202828,0,0
2031-02-14,7180,202828,0,0
2031-02-15,8409,202828,0,0
2031-02-16,8107,202828,0,0
2031-02-17,9932,202828,0,0
2031-02-18,9389,202828,0,0
2031-02-19,8827,202828,0,0
2031-02-20,8282,202828,0,0
2031-02-21,9803,202828,0,0
2031-02-22,10554,202828,0,0
2031-02-23,11219,202828,0,0
2031-02-24,10485,202828,0,0
2031-02-25,10736,202828,0,0
2031-02-26,10037,202828,0,0
2031-02-27,9440,202828,0,0
2031-02-28,9509,202828,0,0
2031-03-01,8983,202828,0,0
2031-03-02,8464,202828,0,0
2031-03-03,8002,202828,0,0
2031-03-04,7597,202828,0,0
2031-03-05,7235,202828,0,0
2031-03-06,6910,202828,0,0
2031-03-07,9785,202828,0,0
2031-03-08,9457,202828,0,0
2031-03-09,10623,202828,0,0
2031-03-10,14580,202828,0,0
2031-03-11,13432,202828,0,0
2031-03-12,12706,202828,0,0
2031-03-13,11730,202828,0,0
2031-03-14,10944,202828,0,0
2031-03-15,10218,202828,0,0
2031-03-16,11496,202828,0,0
2031-03-17,10831,202828,0,0
2031-03-18,10140,202828,0,0
2031-03-19,9707,202828,0,0
2031-03-20,9181,202828,0,0
2031-03-21,8697,202828,0,0
2031-03-22,8268,202828,0,0
2031-03-23,7894,202828,0,0
2031-03-24,7548,202828,0,0
2031-03-25,7233,202828,0,0
2031-03-26,6942,202828,0,0
2031-03-27,6674,202828,0,0
2031-03-28,6443,202828,0,0
2031-03-29,6215,202828,0,0
2031-03-30,5992,202828,0,0
2031-03-31,5781,202828,0,0
2031-04-01,5581,202828,0,0
2031-04-02,5391,202828,0,0
2031-04-03,5210,202828,0,0
2031-04-04,5037,202828,0,0
2031-04-05,4998,202828,0,0
2031-04-06,4903,202828,0,0
2031-04-07,4751,202828,0,0
2031-04-08,4751,202828,0,0
2031-04-09,4641,202828,0,0
2031-04-10,4483,202828,0,0
2031-04-11,4322,202828,0,0
2031-04-12,4164,202828,0,0
2031-04-13,4016,202828,0,0
2031-04-14,3875,202828,0,0
2031-04-15,3741,202828,0,0
2031-04-16,3616,202828,0,0
2031-04-17,3495,202828,0,0
2031-04-18,3380,202828,0,0
2031-04-19,3270,202828,0,0
2031-04-20,3163,202828,0,0
2031-04-21,3061,202828,0,0
2031-04-22,2963,202828,0,0
2031-04-23,2870,202828,0,0
2031-04-24,2779,202828,0,0
2031-04-25,2690,202828,0,0
2031-04-26,2705,202828,0,0
2031-04-27,2698,202828,0,0
2031-04-28,2647,202828,0,0
2031-04-29,2573,202828,0,0
2031-04-30,2487,202828,0,0
2031-05-01,2400,202828,0,0
2031-05-02,2313,202828,0,0
2031-05-03,2232,202828,0,0
2031-05-04,2155,202828,0,0
2031-05-05,2082,202828,0,0
2031-05-06,2011,202828,0,0
2031-05-07,1962,202828,0,0
2031-05-08,1930,202810,0,0
2031-05-09,1899,202729,0,0
2031-05-10,1871,202585,0,0
2031-05-11,1842,202388,0,0
2031-05-12,1815,202138,0,0
2031-05-13,1774,201836,0,0
2031-05-14,1723,201471,0,0
2031-05-15,1672,201036,0,0
2031-05-16,1650,200534,0,0
2031-05-17,1650,199979,0,0
2031-05-18,1902,199365,0,0
2031-05-19,2046,198916,0,0
2031-05-20,2057,198643,0,0
2031-05-21,2041,198459,0,0
2031-05-22,1992,198384,0,0
2031-05-23,1928,198352,0,0
2031-05-24,1928,198312,0,0
2031-05-25,1947,198312,0,0
2031-05-26,1992,198341,0,0
2031-05-27,1992,198383,0,0
2031-05-28,1967,198423,0,0
2031-05-29,1951,198466,0,0
2031-05-30,1921,198499,0,0
2031-05-31,1921,198499,0,0
2031-06-01,2055,198605,0,0
2031-06-02,2185,198759,0,0
2031-06-03,2222,198992,0,0
2031-06-04,2211,199290,0,0
2031-06-05,2148,199612,0,0
2031-06-06,2070,199895,0,0
2031-06-07,2004,200104,0,0
2031-06-08,1910,200234,0,0
2031-06-09,1823,200241,0,0
2031-06-10,1741,200125,0,0
2031-06-11,1667,199886,0,0
2031-06-12,1598,199530,0,0
2031-06-13,1534,199062,0,0
2031-06-14,1475,198488,0,0
2031-06-15,1422,197813,0,0
2031-06-16,1370,197047,0,0
2031-06-17,1322,196194,0,0
2031-06-18,1279,195260,0,0
2031-06-19,1236,194251,0,0
2031-06-20,1196,193170,0,0
2031-06-21,1159,192022,0,0
2031-06-22,1123,190812,0,0
2031-06-23,1088,189541,0,0
2031-06-24,1056,188313,0,0
2031-06-25,1024,187031,0,0
2031-06-26,1006,185699,0,0
2031-06-27,999,184344,0,0
2031-06-28,999,182963,0,0
2031-06-29,999,181559,0,0
2031-06-30,1173,180131,0,0
2031-07-01,1652,178947,0,0
2031-07-02,2789,178315,0,0
2031-07-03,3520,179050,0,0
2031-07-04,3468,180918,0,0
2031-07-05,3295,182681,0,0
2031-07-06,2969,184199,0,0
2031-07-07,2690,185660,0,0
2031-07-08,2412,186993,0,0
2031-07-09,2209,187945,0,0
2031-07-10,2035,188626,0,0
2031-07-11,1880,189027,0,0
2031-07-12,1742,189163,0,0
2031-07-13,1625,189060,0,0
2031-07-14,1522,188751,0,0
2031-07-15,1430,188253,0,0
2031-07-16,1346,187586,0,0
2031-07-17,1270,186766,0,0
2031-07-18,1202,185808,0,0
2031-07-19,1140,184726,0,0
2031-07-20,1140,183533,0,0
2031-07-21,1229,182331,0,0
2031-07-22,1442,181144,0,0
2031-07-23,1571,180264,0,0
2031-07-24,1639,179491,0,0
2031-07-25,1634,178737,0,0
2031-07-26,1592,177992,0,0
2031-07-27,1530,177292,0,0
2031-07-28,1452,176599,0,0
2031-07-29,1363,175854,0,0
2031-07-30,1284,175022,0,0
2031-07-31,1274,174097,0,0
2031-08-01,1306,173178,0,0
2031-08-02,1379,172219,0,0
2031-08-03,1411,171268,0,0
2031-08-04,1411,170309,0,0
2031-08-05,1411,169354,0,0
2031-08-06,1433,168455,0,0
2031-08-07,1434,167578,0,0
2031-08-08,1434,166697,0,0
2031-08-09,1417,165826,0,0
2031-08-10,1358,164951,0,0
2031-08-11,1314,164029,0,0
2031-08-12,1286,163079,0,0
2031-08-13,1286,162096,0,0
2031-08-14,1420,161117,0,0
2031-08-15,1643,160233,0,0
2031-08-16,1933,159737,0,0
2031-08-17,2019,159606,0,0
2031-08-18,2019,159522,0,0
2031-08-19,2003,159435,0,0
2031-08-20,3491,159351,0,0
2031-08-21,4323,160255,0,0
2031-08-22,4048,162455,0,0
2031-08-23,3522,164537,0,0
2031-08-24,3156,166474,0,0
2031-08-25,2929,168301,0,0
2031-08-26,2814,170028,0,0
2031-08-27,2621,171576,0,0
2031-08-28,2360,172934,0,0
2031-08-29,2231,173933,0,0
2031-08-30,2153,174682,0,0
2031-08-31,2153,175272,0,0
2031-09-01,2092,175738,0,0
2031-09-02,1969,176176,0,0
2031-09-03,1839,176426,0,0
2031-09-04,1715,176492,0,0
2031-09-05,1601,176379,0,0
2031-09-06,1498,176095,0,0
2031-09-07,1437,175649,0,0
2031-09-08,1429,175131,0,0
2031-09-09,1542,174636,0,0
2031-09-10,1616,174144,0,0
2031-09-11,1631,173629,0,0
2031-09-12,1631,173096,0,0
2031-09-13,1606,172572,0,0
2031-09-14,1568,172044,0,0
2031-09-15,1506,171491,0,0
2031-09-16,1430,170878,0,0
2031-09-17,1358,170177,0,0
2031-09-18,1292,169383,0,0
2031-09-19,1232,168496,0,0
2031-09-20,1176,167519,0,0
2031-09-21,1125,166454,0,0
2031-09-22,1083,165305,0,0
2031-09-23,1045,164086,0,0
2031-09-24,1011,162798,0,0
2031-09-25,980,161446,0,0
2031-09-26,956,160033,0,0
2031-09-27,933,158676,0,0
2031-09-28,911,157272,0,0
2031-09-29,903,155821,0,0
2031-09-30,903,154359,0,0
2031-10-01,977,152900,0,0
2031-10-02,1092,151576,0,0
2031-10-03,1171,150392,0,0
2031-10-04,1252,149324,0,0
2031-10-05,1252,148327,0,0
2031-10-06,1330,147428,0,0
2031-10-07,1439,146673,0,0
2031-10-08,1466,146013,0,0
2031-10-09,1480,145384,0,0
2031-10-10,1521,144860,0,0
2031-10-11,1526,144363,0,0
2031-10-12,1504,143815,0,0
2031-10-13,1476,143294,0,0
2031-10-14,1476,142811,0,0
2031-10-15,2080,142343,0,0
2031-10-16,2738,142751,0,0
2031-10-17,2855,143904,0,0
2031-10-18,2819,145103,0,0
2031-10-19,2621,146180,0,0
2031-10-20,6067,147304,0,0
2031-10-21,8272,149910,0,0
2031-10-22,7225,152842,0,0
2031-10-23,6081,155774,0,0
2031-10-24,5137,158461,0,0
2031-10-25,4380,160915,0,0
2031-10-26,3772,163199,0,0
2031-10-27,3280,165357,0,0
2031-10-28,2968,167420,0,0
2031-10-29,2796,169389,0,0
2031-10-30,2569,171115,0,0
2031-10-31,2339,172510,0,0
2031-11-01,2143,173585,0,0
2031-11-02,2014,174337,0,0
2031-11-03,1908,174885,0,0
2031-11-04,1807,175204,0,0
2031-11-05,1708,175314,0,0
2031-11-06,1616,175235,0,0
2031-11-07,1532,174987,0,0
2031-11-08,1454,174588,0,0
2031-11-09,1382,174050,0,0
2031-11-10,1317,173387,0,0
2031-11-11,1258,172607,0,0
2031-11-12,1206,171722,0,0
2031-11-13,1157,170742,0,0
2031-11-14,1112,169674,0,0
2031-11-15,1083,168524,0,0
2031-11-16,1096,167320,0,0
2031-11-17,1432,166114,0,0
2031-11-18,7247,165335,0,0
2031-11-19,10128,167087,0,0
2031-11-20,9118,169970,0,0
2031-11-21,7617,172853,0,0
2031-11-22,6382,175736,0,0
2031-11-23,6994,178080,0,0
2031-11-24,6343,180276,0,0
2031-11-25,5529,182413,0,0
2031-11-26,4825,183839,0,0
2031-11-27,4249,184815,0,0
2031-11-28,4903,185648,0,0
2031-11-29,4767,186840,0,0
2031-11-30,4527,187929,0,0
2031-12-01,4478,188963,0,0
2031-12-02,4188,189971,0,0
2031-12-03,3844,190850,0,0
2031-12-04,3523,191603,0,0
2031-12-05,3243,192256,0,0
2031-12-06,3005,192830,0,0
2031-12-07,3211,193344,0,0
2031-12-08,3264,193955,0,0
2031-12-09,3298,194558,0,0
2031-12-10,4189,195175,0,0
2031-12-11,5151,196003,0,0
2031-12-12,4997,197175,0,0
2031-12-13,4546,198212,0,0
2031-12-14,4334,199077,0,0
2031-12-15,5116,199908,0,0
2031-12-16,4998,201086,0,0
2031-12-17,4589,202132,0,0
2031-12-18,4291,202828,0,0
2031-12-19,5839,202828,0,0
2031-12-20,5946,202828,0,0
2031-12-21,5553,202828,0,0
2031-12-22,5230,202828,0,0
2031-12-23,5373,202828,0,0
2031-12-24,5067,202828,0,0
2031-12-25,4673,202828,0,0
2031-12-26,4503,202828,0,0
2031-12-27,9202,202828,0,0
2031-12-28,8797,202828,0,0
2031-12-29,9936,202828,0,0
2031-12-30,11742,202828,0,0
2031-12-31,10602,202828,0,0
2032-01-01,9214,202828,0,0
2032-01-02,8306,202828,0,0
2032-01-03,7556,202828,0,0
2032-01-04,6933,202828,0,0
2032-01-05,6409,202828,0,0
2032-01-06,6269,202828,0,0
2032-01-07,5922,202828,0,0
2032-01-08,5948,202828,0,0
2032-01-09,5869,202828,0,0
2032-01-10,5578,202828,0,0
2032-01-11,6383,202828,0,0
2032-01-12,7253,202828,0,0
2032-01-13,7837,202828,0,0
2032-01-14,9012,202828,0,0
2032-01-15,8503,202828,0,0
2032-01-16,7873,202828,0,0
2032-01-17,7323,202828,0,0
2032-01-18,6850,202828,0,0
2032-01-19,6443,202828,0,0
2032-01-20,6086,202828,0,0
2032-01-21,5772,202828,0,0
2032-01-22,6211,202828,0,0
2032-01-23,7842,202828,0,0
2032-01-24,11648,202828,0,0
2032-01-25,17747,202828,0,0
2032-01-26,19821,202828,0,0
2032-01-27,18975,202828,0,0
2032-01-28,17093,202828,0,0
2032-01-29,15519,202828,0,0
2032-01-30,14215,202828,0,0
2032-01-31,13121,202828,0,0
2032-02-01,12196,202828,0,0
2032-02-02,11410,202828,0,0
2032-02-03,10727,202828,0,0
2032-02-04,10132,202828,0,0
2032-02-05,9717,202828,0,0
2032-02-06,9242,202828,0,0
2032-02-07,8810,202828,0,0
2032-02-08,8655,202828,0,0
2032-02-09,8440,202828,0,0
2032-02-10,8070,202828,0,0
2032-02-11,7715,202828,0,0
2032-02-12,8210,202828,0,0
2032-02-13,8315,202828,0,0
2032-02-14,11884,202828,0,0
2032-02-15,11185,202828,0,0
2032-02-16,12343,202828,0,0
2032-02-17,11479,202828,0,0
2032-02-18,10633,202828,0,0
2032-02-19,9907,202828,0,0
2032-02-20,9294,202828,0,0
2032-02-21,8759,202828,0,0
2032-02-22,8290,202828,0,0
2032-02-23,7878,202828,0,0
2032-02-24,7511,202828,0,0
2032-02-25,7793,202828,0,0
2032-02-26,7520,202828,0,0
2032-02-27,7180,202828,0,0
2032-02-28,6877,202828,0,0
2032-02-29,6588,202828,0,0
2032-03-01,6319,202828,0,0
2032-03-02,6070,202828,0,0
2032-03-03,5845,202828,0,0
2032-03-04,5629,202828,0,0
2032-03-05,5428,202828,0,0
2032-03-06,5236,202828,0,0
2032-03-07,5056,202828,0,0
2032-03-08,4885,202828,0,0
2032-03-09,4721,202828,0,0
2032-03-10,4566,202828,0,0
2032-03-11,4416,202828,0,0
2032-03-12,4273,202828,0,0
2032-03-13,4136,202828,0,0
2032-03-14,4004,202828,0,0
2032-03-15,3877,202828,0,0
2032-03-16,3755,202828,0,0
2032-03-17,3635,202828,0,0
2032-03-18,3521,202828,0,0
2032-03-19,3410,202828,0,0
2032-03-20,3302,202828,0,0
2032-03-21,3199,202828,0,0
2032-03-22,3098,202828,0,0
2032-03-23,3002,202828,0,0
2032-03-24,3032,202828,0,0
2032-03-25,3023,202828,0,0
2032-03-26,2961,202828,0,0
2032-03-27,2871,202828,0,0
2032-03-28,2772,202828,0,0
2032-03-29,2696,202828,0,0
2032-03-30,2711,202828,0,0
2032-03-31,2697,202828,0,0
2032-04-01,2638,202828,0,0
2032-04-02,2553,202828,0,0
2032-04-03,2461,202828,0,0
2032-04-04,2369,202828,0,0
2032-04-05,2281,202828,0,0
2032-04-06,2197,202828,0,0
2032-04-07,2117,202828,0,0
2032-04-08,2042,202828,0,0
2032-04-09,1979,202828,0,0
2032-04-10,1917,202828,0,0
2032-04-11,1870,202828,0,0
2032-04-12,2074,202778,0,0
2032-04-13,2312,202823,0,0
2032-04-14,2519,202828,0,0
2032-04-15,2962,202828,0,0
2032-04-16,3102,202828,0,0
2032-04-17,3881,202828,0,0
2032-04-18,4231,202828,0,0
2032-04-19,4025,202828,0,0
2032-04-20,3662,202828,0,0
2032-04-21,4019,202828,0,0
2032-04-22,5100,202828,0,0
2032-04-23,5031,202828,0,0
2032-04-24,4556,202828,0,0
2032-04-25,4074,202828,0,0
2032-04-26,3656,202828,0,0
2032-04-27,3305,202828,0,0
2032-04-28,3011,202828,0,0
2032-04-29,2762,202828,0,0
2032-04-30,2551,202828,0,0
2032-05-01,2451,202828,0,0
2032-05-02,2425,202828,0,0
2032-05-03,2588,202828,0,0
2032-05-04,2641,202828,0,0
2032-05-05,2657,202828,0,0
2032-05-06,2810,202828,0,0
2032-05-07,2810,202828,0,0
2032-05-08,2962,202828,0,0
2032-05-09,2959,202828,0,0
2032-05-10,2824,202828,0,0
2032-05-11,2643,202828,0,0
2032-05-12,2464,202828,0,0
2032-05-13,2302,202828,0,0
2032-05-14,2759,202828,0,0
2032-05-15,4488,202828,0,0
2032-05-16,5080,202828,0,0
2032-05-17,4754,202828,0,0
2032-05-18,4263,202828,0,0
2032-05-19,3810,202828,0,0
2032-05-20,3426,202828,0,0
2032-05-21,3118,202828,0,0
2032-05-22,2938,202828,0,0
2032-05-23,2758,202828,0,0
2032-05-24,2578,202828,0,0
2032-05-25,2405,202828,0,0
2032-05-26,4690,202828,0,0
2032-05-27,6399,202828,0,0
2032-05-28,6005,202828,0,0
2032-05-29,5324,202828,0,0
2032-05-30,4743,202828,0,0
2032-05-31,4265,202828,0,0
2032-06-01,3849,202828,0,0
2032-06-02,3493,202828,0,0
2032-06-03,3187,202828,0,0
2032-06-04,2925,202828,0,0
2032-06-05,4880,202828,0,0
2032-06-06,8227,202828,0,0
2032-06-07,7576,202828,0,0
2032-06-08,6853,202828,0,0
2032-06-09,6393,202828,0,0
2032-06-10,6804,202828,0,0
2032-06-11,6220,202828,0,0
2032-06-12,5548,202828,0,0
2032-06-13,4968,202828,0,0
2032-06-14,5075,202828,0,0
2032-06-15,6795,202828,0,0
2032-06-16,6599,202828,0,0
2032-06-17,7896,202828,0,0
2032-06-18,7439,202828,0,0
2032-06-19,6819,202828,0,0
2032-06-20,6245,202828,0,0
2032-06-21,5746,202828,0,0
2032-06-22,5323,202828,0,0
2032-06-23,4960,202828,0,0
2032-06-24,4648,202828,0,0
2032-06-25,4377,202828,0,0
2032-06-26,4141,202828,0,0
2032-06-27,3931,202828,0,0
2032-06-28,3743,202828,0,0
2032-06-29,3572,202828,0,0
2032-06-30,3417,202828,0,0
2032-07-01,3260,202828,0,0
2032-07-02,3130,202828,0,0
2032-07-03,3014,202828,0,0
2032-07-04,2903,202828,0,0
2032-07-05,2797,202828,0,0
2032-07-06,2695,202828,0,0
2032-07-07,2600,202828,0,0
2032-07-08,2511,202828,0,0
2032-07-09,2424,202828,0,0
2032-07-10,2343,202828,0,0
2032-07-11,2265,202828,0,0
2032-07-12,2190,202828,0,0
2032-07-13,2117,202828,0,0
2032-07-14,2047,202828,0,0
2032-07-15,2012,202828,0,0
2032-07-16,1981,202780,0,0
2032-07-17,1981,202666,0,0
2032-07-18,2163,202498,0,0
2032-07-19,2300,202458,0,0
2032-07-20,2438,202534,0,0
2032-07-21,4402,202770,0,0
2032-07-22,4976,202828,0,0
2032-07-23,4600,202828,0,0
2032-07-24,4095,202828,0,0
2032-07-25,3773,202828,0,0
2032-07-26,4303,202828,0,0
2032-07-27,4241,202828,0,0
2032-07-28,3900,202828,0,0
2032-07-29,3531,202828,0,0
2032-07-30,3199,202828,0,0
2032-07-31,2946,202828,0,0
2032-08-01,5672,202828,0,0
2032-08-02,6039,202828,0,0
2032-08-03,5419,202828,0,0
2032-08-04,4770,202828,0,0
2032-08-05,4364,202828,0,0
2032-08-06,3949,202828,0,0
2032-08-07,3569,202828,0,0
2032-08-08,3239,202828,0,0
2032-08-09,2959,202828,0,0
2032-08-10,2721,202828,0,0
2032-08-11,2559,202828,0,0
2032-08-12,2475,202828,0,0
2032-08-13,2383,202828,0,0
2032-08-14,2273,202828,0,0
2032-08-15,2226,202828,0,0
2032-08-16,2208,202828,0,0
2032-08-17,2484,202828,0,0
2032-08-18,2882,202828,0,0
2032-08-19,3043,202828,0,0
2032-08-20,2979,202828,0,0
2032-08-21,2820,202828,0,0
2032-08-22,2644,202828,0,0
2032-08-23,2477,202828,0,0
2032-08-24,2325,202828,0,0
2032-08-25,2197,202828,0,0
2032-08-26,2082,202828,0,0
2032-08-27,1977,202828,0,0
2032-08-28,1916,202828,0,0
2032-08-29,1869,202828,0,0
2032-08-30,1826,202718,0,0
2032-08-31,1777,202507,0,0
2032-09-01,1710,202322,0,0
2032-09-02,1653,202020,0,0
2032-09-03,1627,201614,0,0
2032-09-04,1627,201142,0,0
2032-09-05,1731,200624,0,0
2032-09-06,1810,200129,0,0
2032-09-07,1843,199679,0,0
2032-09-08,1898,199273,0,0
2032-09-09,2302,198942,0,0
2032-09-10,2617,199276,0,0
2032-09-11,2642,199977,0,0
2032-09-12,2490,200638,0,0
2032-09-13,2398,201164,0,0
2032-09-14,2201,201591,0,0
2032-09-15,2022,201972,0,0
2032-09-16,1934,202317,0,0
2032-09-17,2753,202551,0,0
2032-09-18,3607,202828,0,0
2032-09-19,3591,202828,0,0
2032-09-20,3361,202828,0,0
2032-09-21,3285,202828,0,0
2032-09-22,3078,202828,0,0
2032-09-23,2808,202828,0,0
2032-09-24,2541,202828,0,0
2032-09-25,3156,202828,0,0
2032-09-26,3470,202828,0,0
2032-09-27,3356,202828,0,0
2032-09-28,3091,202828,0,0
2032-09-29,2815,202828,0,0
2032-09-30,2565,202828,0,0
2032-10-01,2348,202828,0,0
2032-10-02,2163,202828,0,0
2032-10-03,2002,202828,0,0
2032-10-04,1863,202828,0,0
2032-10-05,1742,202828,0,0
2032-10-06,1661,202828,0,0
2032-10-07,1609,202766,0,0
2032-10-08,1564,202576,0,0
2032-10-09,1523,202270,0,0
2032-10-10,1457,201861,0,0
2032-10-11,1395,201329,0,0
2032-10-12,1339,200685,0,0
2032-10-13,1287,199939,0,0
2032-10-14,2205,199099,0,0
2032-10-15,6832,199226,0,0
2032-10-16,7412,201936,0,0
2032-10-17,6505,202828,0,0
2032-10-18,5504,202828,0,0
2032-10-19,4722,202828,0,0
2032-10-20,4161,202828,0,0
2032-10-21,3617,202828,0,0
2032-10-22,3175,202828,0,0
2032-10-23,2812,202828,0,0
2032-10-24,2513,202828,0,0
2032-10-25,2275,202828,0,0
2032-10-26,2106,202828,0,0
2032-10-27,2112,202828,0,0
2032-10-28,2114,202828,0,0
2032-10-29,2054,202828,0,0
2032-10-30,1952,202828,0,0
2032-10-31,1839,202828,0,0
2032-11-01,1795,202828,0,0
2032-11-02,1740,202824,0,0
2032-11-03,1682,202717,0,0
2032-11-04,1636,202518,0,0
2032-11-05,1593,202216,0,0
2032-11-06,1593,201819,0,0
2032-11-07,1775,201367,0,0
2032-11-08,2223,201014,0,0
2032-11-09,2399,201316,0,0
2032-11-10,2398,201793,0,0
2032-11-11,2317,202192,0,0
2032-11-12,2125,202641,0,0
2032-11-13,2067,202828,0,0
2032-11-14,2068,202828,0,0
2032-11-15,2030,202828,0,0
2032-11-16,2293,202828,0,0
2032-11-17,7648,202828,0,0
2032-11-18,8073,202828,0,0
2032-11-19,6962,202828,0,0
2032-11-20,5941,202828,0,0
2032-11-21,5248,202828,0,0
2032-11-22,4612,202828,0,0
2032-11-23,5506,202828,0,0
2032-11-24,6010,202828,0,0
2032-11-25,10474,202828,0,0
2032-11-26,9337,202828,0,0
2032-11-27,13084,202828,0,0
2032-11-28,11298,202828,0,0
2032-11-29,26131,202828,0,0
2032-11-30,24284,202828,0,0
2032-12-01,21780,202828,0,0
2032-12-02,18955,202828,0,0
2032-12-03,18307,202828,0,0
2032-12-04,16259,202828,0,0
2032-12-05,14566,202828,0,0
2032-12-06,13192,202828,0,0
2032-12-07,12043,202828,0,0
2032-12-08,11092,202828,0,0
2032-12-09,10280,202828,0,0
2032-12-10,9599,202828,0,0
2032-12-11,9011,202828,0,0
2032-12-12,8501,202828,0,0
2032-12-13,8051,202828,0,0
2032-12-14,7654,202828,0,0
2032-12-15,8128,202828,0,0
2032-12-16,8074,202828,0,0
2032-12-17,8904,202828,0,0
2032-12-18,10805,202828,0,0
2032-12-19,10635,202828,0,0
2032-12-20,9892,202828,0,0
2032-12-21,9209,202828,0,0
2032-12-22,8975,202828,0,0
2032-12-23,10442,202828,0,0
2032-12-24,15790,202828,0,0
2032-12-25,14479,202828,0,0
2032-12-26,13218,202828,0,0
2032-12-27,13466,202828,0,0
2032-12-28,14337,202828,0,0
2032-12-29,13270,202828,0,0
2032-12-30,12302,202828,0,0
2033-01-01,11460,202828,0,0
2033-01-02,10753,202828,0,0
2033-01-03,10138,202828,0,0
2033-01-04,9603,202828,0,0
2033-01-05,9119,202828,0,0
2033-01-06,8704,202828,0,0
2033-01-07,8337,202828,0,0
2033-01-08,7986,202828,0,0
2033-01-09,7990,202828,0,0
2033-01-10,8858,202828,0,0
2033-01-11,8842,202828,0,0
2033-01-12,9264,202828,0,0
2033-01-13,8808,202828,0,0
2033-01-14,12781,202828,0,0
2033-01-15,14621,202828,0,0
2033-01-16,16617,202828,0,0
2033-01-17,15737,202828,0,0
2033-01-18,14398,202828,0,0
2033-01-19,13690,202828,0,0
2033-01-20,12783,202828,0,0
2033-01-21,12884,202828,0,0
2033-01-22,12066,202828,0,0
2033-01-23,12357,202828,0,0
2033-01-24,12186,202828,0,0
2033-01-25,11461,202828,0,0
2033-01-26,10804,202828,0,0
2033-01-27,10225,202828,0,0
2033-01-28,9750,202828,0,0
2033-01-29,9301,202828,0,0
2033-01-30,8878,202828,0,0
2033-01-31,8492,202828,0,0
2033-02-01,8151,202828,0,0
2033-02-02,7833,202828,0,0
2033-02-03,7619,202828,0,0
2033-02-04,7348,202828,0,0
2033-02-05,8940,202828,0,0
2033-02-06,8664,202828,0,0
2033-02-07,8187,202828,0,0
2033-02-08,7747,202828,0,0
2033-02-09,11022,202828,0,0
2033-02-10,10419,202828,0,0
2033-02-11,9616,202828,0,0
2033-02-12,21736,202828,0,0
2033-02-13,19430,202828,0,0
2033-02-14,17409,202828,0,0
2033-02-15,15758,202828,0,0
2033-02-16,15481,202828,0,0
2033-02-17,14229,202828,0,0
2033-02-18,13158,202828,0,0
2033-02-19,12251,202828,0,0
2033-02-20,11474,202828,0,0
2033-02-21,10807,202828,0,0
2033-02-22,10229,202828,0,0
2033-02-23,9710,202828,0,0
2033-02-24,9252,202828,0,0
2033-02-25,8838,202828,0,0
2033-02-26,8466,202828,0,0
2033-02-27,8127,202828,0,0
2033-02-28,7807,202828,0,0
2033-03-01,7512,202828,0,0
2033-03-02,7236,202828,0,0
2033-03-03,6977,202828,0,0
2033-03-04,6733,202828,0,0
2033-03-05,6501,202828,0,0
2033-03-06,6282,202828,0,0
2033-03-07,6146,202828,0,0
2033-03-08,6737,202828,0,0
2033-03-09,6656,202828,0,0
2033-03-10,7297,202828,0,0
2033-03-11,7039,202828,0,0
2033-03-12,10209,202828,0,0
2033-03-13,10348,202828,0,0
2033-03-14,11013,202828,0,0
2033-03-15,10523,202828,0,0
2033-03-16,12888,202828,0,0
2033-03-17,13147,202828,0,0
2033-03-18,11827,202828,0,0
2033-03-19,11430,202828,0,0
2033-03-20,10713,202828,0,0
2033-03-21,11635,202828,0,0
2033-03-22,10773,202828,0,0
2033-03-23,9978,202828,0,0
2033-03-24,9287,202828,0,0
2033-03-25,9665,202828,0,0
2033-03-26,9106,202828,0,0
2033-03-27,11325,202828,0,0
2033-03-28,10791,202828,0,0
2033-03-29,10013,202828,0,0
2033-03-30,9330,202828,0,0
2033-03-31,9493,202828,0,0
2033-04-01,10555,202828,0,0
2033-04-02,9969,202828,0,0
2033-04-03,9339,202828,0,0
2033-04-04,8778,202828,0,0
2033-04-05,8287,202828,0,0
2033-04-06,8104,202828,0,0
2033-04-07,7734,202828,0,0
2033-04-08,7371,202828,0,0
2033-04-09,8266,202828,0,0
2033-04-10,8432,202828,0,0
2033-04-11,8153,202828,0,0
2033-04-12,7930,202828,0,0
2033-04-13,9302,202828,0,0
2033-04-14,10521,202828,0,0
2033-04-15,9874,202828,0,0
2033-04-16,9296,202828,0,0
2033-04-17,8699,202828,0,0
2033-04-18,8169,202828,0,0
2033-04-19,7709,202828,0,0
2033-04-20,7306,202828,0,0
2033-04-21,6950,202828,0,0
2033-04-22,6629,202828,0,0
2033-04-23,6340,202828,0,0
2033-04-24,6137,202828,0,0
2033-04-25,6381,202828,0,0
2033-04-26,6319,202828,0,0
2033-04-27,6072,202828,0,0
2033-04-28,6083,202828,0,0
2033-04-29,6012,202828,0,0
2033-04-30,8688,202828,0,0
2033-05-01,10149,202828,0,0
2033-05-02,9680,202828,0,0
2033-05-03,8894,202828,0,0
2033-05-04,8206,202828,0,0
2033-05-05,7619,202828,0,0
2033-05-06,7122,202828,0,0
2033-05-07,6694,202828,0,0
2033-05-08,6321,202828,0,0
2033-05-09,5994,202828,0,0
2033-05-10,5703,202828,0,0
2033-05-11,5888,202828,0,0
2033-05-12,6583,202828,0,0
2033-05-13,6437,202828,0,0
2033-05-14,6110,202828,0,0
2033-05-15,6518,202828,0,0
2033-05-16,6321,202828,0,0
2033-05-17,5996,202828,0,0
2033-05-18,5685,202828,0,0
2033-05-19,5404,202828,0,0
2033-05-20,5152,202828,0,0
2033-05-21,4925,202828,0,0
2033-05-22,4718,202828,0,0
2033-05-23,4529,202828,0,0
2033-05-24,4428,202828,0,0
2033-05-25,4289,202828,0,0
2033-05-26,4395,202828,0,0
2033-05-27,4711,202828,0,0
2033-05-28,4680,202828,0,0
2033-05-29,4502,202828,0,0
2033-05-30,4300,202828,0,0
2033-05-31,4106,202828,0,0
2033-06-01,3929,202828,0,0
2033-06-02,3757,202828,0,0
2033-06-03,3607,202828,0,0
2033-06-04,3474,202828,0,0
2033-06-05,3346,202828,0,0
2033-06-06,3225,202828,0,0
2033-06-07,3113,202828,0,0
2033-06-08,3004,202828,0,0
2033-06-09,2902,202828,0,0
2033-06-10,2803,202828,0,0
2033-06-11,2709,202828,0,0
2033-06-12,2659,202828,0,0
2033-06-13,2603,202828,0,0
2033-06-14,2531,202828,0,0
2033-06-15,2452,202828,0,0
2033-06-16,2372,202828,0,0
2033-06-17,2290,202828,0,0
2033-06-18,2269,202828,0,0
2033-06-19,2624,202828,0,0
2033-06-20,2908,202828,0,0
2033-06-21,3028,202828,0,0
2033-06-22,3995,202828,0,0
2033-06-23,4549,202828,0,0
2033-06-24,4452,202828,0,0
2033-06-25,4089,202828,0,0
2033-06-26,3711,202828,0,0
2033-06-27,3375,202828,0,0
2033-06-28,3097,202828,0,0
2033-06-29,2855,202828,0,0
2033-06-30,2685,202828,0,0
2033-07-01,2885,202828,0,0
2033-07-02,2954,202828,0,0
2033-07-03,2872,202828,0,0
2033-07-04,2718,202828,0,0
2033-07-05,2553,202828,0,0
2033-07-06,2396,202828,0,0
2033-07-07,2292,202828,0,0
2033-07-08,2195,202828,0,0
2033-07-09,2096,202828,0,0
2033-07-10,2018,202828,0,0
2033-07-11,5657,202828,0,0
2033-07-12,6611,202828,0,0
2033-07-13,6002,202828,0,0
2033-07-14,5307,202828,0,0
2033-07-15,4714,202828,0,0
2033-07-16,4225,202828,0,0
2033-07-17,3821,202828,0,0
2033-07-18,3482,202828,0,0
2033-07-19,3197,202828,0,0
2033-07-20,2956,202828,0,0
2033-07-21,2749,202828,0,0
2033-07-22,2570,202828,0,0
2033-07-23,2414,202828,0,0
2033-07-24,2277,202828,0,0
2033-07-25,2156,202828,0,0
2033-07-26,2048,202828,0,0
2033-07-27,1950,202828,0,0
2033-07-28,1882,202828,0,0
2033-07-29,1837,202752,0,0
2033-07-30,1797,202571,0,0
2033-07-31,1760,202294,0,0
2033-08-01,1726,201929,0,0
2033-08-02,1680,201476,0,0
2033-08-03,1623,200952,0,0
2033-08-04,1571,200331,0,0
2033-08-05,1520,199622,0,0
2033-08-06,1474,198830,0,0
2033-08-07,1429,197961,0,0
2033-08-08,1385,197020,0,0
2033-08-09,1344,196008,0,0
2033-08-10,1304,194930,0,0
2033-08-11,1265,193788,0,0
2033-08-12,1228,192586,0,0
2033-08-13,1192,191326,0,0
2033-08-14,1158,190014,0,0
2033-08-15,1124,188651,0,0
2033-08-16,1090,187239,0,0
2033-08-17,1060,185778,0,0
2033-08-18,1029,184273,0,0
2033-08-19,999,182724,0,0
2033-08-20,971,181131,0,0
2033-08-21,943,179497,0,0
2033-08-22,917,177823,0,0
2033-08-23,898,176110,0,0
2033-08-24,1669,174349,0,0
2033-08-25,2732,173690,0,0
2033-08-26,3038,174331,0,0
2033-08-27,3030,175283,0,0
2033-08-28,2763,176147,0,0
2033-08-29,2464,176754,0,0
2033-08-30,2224,177334,0,0
2033-08-31,2224,177780,0,0
2033-09-01,2346,178196,0,0
2033-09-02,2346,178759,0,0
2033-09-03,2307,179323,0,0
2033-09-04,3599,179896,0,0
2033-09-05,4250,181927,0,0
2033-09-06,3928,184207,0,0
2033-09-07,3423,186339,0,0
2033-09-08,2961,188357,0,0
2033-09-09,2570,189610,0,0
2033-09-10,2392,190789,0,0
2033-09-11,2365,191911,0,0
2033-09-12,2419,192996,0,0
2033-09-13,2419,193968,0,0
2033-09-14,3058,194858,0,0
2033-09-15,3307,196196,0,0
2033-09-16,4166,196906,0,0
2033-09-17,4151,198027,0,0
2033-09-18,3751,199049,0,0
2033-09-19,3317,199902,0,0
2033-09-20,2936,200616,0,0
2033-09-21,2613,201226,0,0
2033-09-22,2340,201757,0,0
2033-09-23,2110,202228,0,0
2033-09-24,1914,202652,0,0
2033-09-25,1754,202828,0,0
2033-09-26,1741,202828,0,0
2033-09-27,1827,202828,0,0
2033-09-28,1777,202828,0,0
2033-09-29,1756,202828,0,0
2033-09-30,1722,202736,0,0
2033-10-01,1674,202551,0,0
2033-10-02,1593,202357,0,0
2033-10-03,1518,202038,0,0
2033-10-04,1447,201599,0,0
2033-10-05,1384,201047,0,0
2033-10-06,1325,200391,0,0
2033-10-07,1271,199635,0,0
2033-10-08,1221,198787,0,0
2033-10-09,1175,197852,0,0
2033-10-10,1132,196836,0,0
2033-10-11,1093,195746,0,0
2033-10-12,1056,194586,0,0
2033-10-13,1020,193360,0,0
2033-10-14,987,192072,0,0
2033-10-15,955,190727,0,0
2033-10-16,924,189326,0,0
2033-10-17,924,187874,0,0
2033-10-18,950,186443,0,0
2033-10-19,1057,184983,0,0
2033-10-20,1151,183579,0,0
2033-10-21,1246,182313,0,0
2033-10-22,1409,181148,0,0
2033-10-23,1647,180344,0,0
2033-10-24,1874,179835,0,0
2033-10-25,1975,179638,0,0
2033-10-26,1978,179572,0,0
2033-10-27,1959,179476,0,0
2033-10-28,2429,179391,0,0
2033-10-29,3346,180057,0,0
2033-10-30,3485,182006,0,0
2033-10-31,3267,184017,0,0
2033-11-01,2993,185843,0,0
2033-11-02,2881,187636,0,0
2033-11-03,2664,189306,0,0
2033-11-04,2403,190817,0,0
2033-11-05,2174,191985,0,0
2033-11-06,1979,192815,0,0
2033-11-07,1811,193335,0,0
2033-11-08,1737,193574,0,0
2033-11-09,1692,193695,0,0
2033-11-10,1645,193668,0,0
2033-11-11,1584,193490,0,0
2033-11-12,1513,193166,0,0
2033-11-13,1439,192706,0,0
2033-11-14,1366,192120,0,0
2033-11-15,1295,191418,0,0
2033-11-16,1230,190603,0,0
2033-11-17,1170,189685,0,0
2033-11-18,1230,188670,0,0
2033-11-19,1526,187734,0,0
2033-11-20,1876,187060,0,0
2033-11-21,2029,186740,0,0
2033-11-22,2029,186527,0,0
2033-11-23,1972,186255,0,0
2033-11-24,1918,186067,0,0
2033-11-25,1918,185957,0,0
2033-11-26,1880,185893,0,0
2033-11-27,1779,185813,0,0
2033-11-28,1669,185642,0,0
2033-11-29,1559,185358,0,0
2033-11-30,1460,184947,0,0
2033-12-01,1432,184409,0,0
2033-12-02,1430,183774,0,0
2033-12-03,1469,183100,0,0
2033-12-04,1479,182388,0,0
2033-12-05,1479,181631,0,0
2033-12-06,1450,180851,0,0
2033-12-07,1378,180035,0,0
2033-12-08,1306,179145,0,0
2033-12-09,1276,178176,0,0
2033-12-10,1276,177243,0,0
2033-12-11,1288,176294,0,0
2033-12-12,1292,175307,0,0
2033-12-13,1291,174277,0,0
2033-12-14,1256,173213,0,0
2033-12-15,1212,172096,0,0
2033-12-16,1165,170924,0,0
2033-12-17,1117,169696,0,0
2033-12-18,1069,168410,0,0
2033-12-19,1024,167064,0,0
2033-12-20,982,165659,0,0
2033-12-21,942,164197,0,0
2033-12-22,906,162677,0,0
2033-12-23,873,161103,0,0
2033-12-24,847,159477,0,0
2033-12-25,824,157809,0,0
2033-12-26,809,156102,0,0
2033-12-27,809,154365,0,0
2033-12-28,850,152671,0,0
2033-12-29,1014,151010,0,0
2033-12-30,1131,149533,0,0
2033-12-31,1405,148137,0,0
2034-01-01,1748,147015,0,0
2034-01-02,2108,146749,0,0
2034-01-03,2221,146998,0,0
2034-01-04,2221,147341,0,0
2034-01-05,2157,147601,0,0
2034-01-06,1999,147779,0,0
2034-01-07,1816,147954,0,0
2034-01-08,1656,148015,0,0
2034-01-09,1596,147927,0,0
2034-01-10,1596,147768,0,0
2034-01-11,1642,147570,0,0
2034-01-12,1647,147329,0,0
2034-01-13,1647,147034,0,0
2034-01-14,1647,146718,0,0
2034-01-15,1789,146392,0,0
2034-01-16,1941,146212,0,0
2034-01-17,2044,146251,0,0
2034-01-18,2044,146346,0,0
2034-01-19,1959,146473,0,0
2034-01-20,1796,146600,0,0
2034-01-21,1718,146611,0,0
2034-01-22,1655,146593,0,0
2034-01-23,1586,146481,0,0
2034-01-24,1505,146248,0,0
2034-01-25,1421,145888,0,0
2034-01-26,1337,145399,0,0
2034-01-27,1328,144785,0,0
2034-01-28,1370,144208,0,0
2034-01-29,1439,143600,0,0
2034-01-30,1464,142967,0,0
2034-01-31,1464,142306,0,0
2034-02-01,1444,141633,0,0
2034-02-02,1367,140971,0,0
2034-02-03,1289,140243,0,0
2034-02-04,1212,139443,0,1
2034-02-05,1141,139249,0,1
2034-02-06,1117,138970,0,1
2034-02-07,1119,138706,0,1
2034-02-08,1155,138405,0,1
2034-02-09,1181,138075,0,1
2034-02-10,1207,137718,0,1
2034-02-11,1207,137361,0,1
2034-02-12,1143,136998,0,1
2034-02-13,1141,136607,0,1
2034-02-14,1141,136213,0,1
2034-02-15,1141,135808,0,1
2034-02-16,1141,135391,0,1
2034-02-17,1141,134965,0,1
2034-02-18,1185,134573,0,1
2034-02-19,1257,134184,0,1
2034-02-20,1277,133881,0,1
2034-02-21,1543,133683,0,1
2034-02-22,2011,134119,0,1
2034-02-23,2308,135223,0,1
2034-02-24,2308,136614,0,1
2034-02-25,2255,137923,0,1
2034-02-26,2226,139110,0,1
2034-02-27,2226,140392,0,1
2034-02-28,2295,141763,0,1
2034-03-01,2493,143183,0,1
2034-03-02,2701,144964,0,1
2034-03-03,2749,147070,0,1
2034-03-04,2745,149235,0,1
2034-03-05,2709,151429,0,1
2034-03-06,2639,153551,0,1
2034-03-07,2497,155554,0,1
2034-03-08,2346,157501,0,1
2034-03-09,2188,159267,0,1
2034-03-10,2035,160773,0,1
2034-03-11,1910,162034,0,1
2034-03-12,1842,163116,0,1
2034-03-13,1790,164135,0,1
2034-03-14,1790,165075,0,1
2034-03-15,2088,166132,0,1
2034-03-16,2262,167338,0,1
2034-03-17,2284,168650,0,1
2034-03-18,2243,170043,0,1
2034-03-19,2132,171481,0,1
2034-03-20,1987,172807,0,1
2034-03-21,1855,173918,0,1
2034-03-22,1739,174836,0,1
2034-03-23,1705,175588,0,1
2034-03-24,1639,176353,0,1
2034-03-25,1797,177095,0,1
2034-03-26,1850,177762,0,1
2034-03-27,1902,178396,0,1
2034-03-28,1886,179083,0,1
2034-03-29,1808,179747,0,1
2034-03-30,1698,180367,0,1
2034-03-31,1547,180944,0,1
2034-04-01,1485,181486,0,1
2034-04-02,1532,181982,0,1
2034-04-03,1776,182538,0,1
2034-04-04,1974,183196,0,1
2034-04-05,2011,183873,0,1
2034-04-06,1961,184514,0,1
2034-04-07,1926,185135,0,0
2034-04-08,1897,185354,0,0
2034-04-09,1851,185583,0,0
2034-04-10,1796,185780,0,0
2034-04-11,1939,185912,0,0
2034-04-12,2755,186067,0,0
2034-04-13,3096,187233,0,0
2034-04-14,3060,188092,0,0
2034-04-15,2833,188918,0,0
2034-04-16,2561,189658,0,0
2034-04-17,4210,190316,0,0
2034-04-18,4785,191861,0,0
2034-04-19,4716,193348,0,0
2034-04-20,4314,194725,0,0
2034-04-21,3896,195893,0,0
2034-04-22,3519,196896,0,0
2034-04-23,3195,197774,0,0
2034-04-24,2918,198557,0,0
2034-04-25,2683,199268,0,0
2034-04-26,2481,199922,0,0
2034-04-27,2306,200530,0,0
2034-04-28,2154,201100,0,0
2034-04-29,2021,201638,0,0
2034-04-30,1958,202149,0,0
2034-05-01,1855,202632,0,0
2034-05-02,1738,202828,0,0
2034-05-03,1692,202828,0,0
2034-05-04,1650,202712,0,0
2034-05-05,1603,202491,0,0
2034-05-06,1577,202170,0,0
2034-05-07,1555,201769,0,0
2034-05-08,1530,201297,0,0
2034-05-09,1506,200759,0,0
2034-05-10,1481,200159,0,0
2034-05-11,1455,199501,0,0
2034-05-12,1431,198788,0,0
2034-05-13,1388,198022,0,0
2034-05-14,1345,197186,0,0
2034-05-15,1307,196282,0,0
2034-05-16,1273,195315,0,0
2034-05-17,1273,194292,0,0
2034-05-18,1287,193249,0,0
2034-05-19,1424,192262,0,0
2034-05-20,1608,191471,0,0
2034-05-21,1718,190903,0,0
2034-05-22,1741,190433,0,0
2034-05-23,1706,189968,0,0
2034-05-24,1758,189620,0,0
2034-05-25,1758,189354,0,0
2034-05-26,1744,189124,0,0
2034-05-27,1731,188940,0,0
2034-05-28,1706,188772,0,0
2034-05-29,1669,188593,0,0
2034-05-30,1626,188379,0,0
2034-05-31,1582,188110,0,0
2034-06-01,1510,187775,0,0
2034-06-02,1433,187318,0,1
2034-06-03,1363,187504,0,0
2034-06-04,1301,186816,0,1
2034-06-05,1243,186689,0,1
2034-06-06,1190,186465,0,0
2034-06-07,1144,185489,0,1
2034-06-08,1114,185094,0,1
2034-06-09,1094,184653,0,1
2034-06-10,1077,184163,0,1
2034-06-11,1058,183620,0,1
2034-06-12,1058,183025,0,1
2034-06-13,1303,182426,0,1
2034-06-14,1634,182183,0,1
2034-06-15,1861,182499,0,1
2034-06-16,1865,183016,0,0
2034-06-17,1841,182655,0,0
2034-06-18,1784,182210,0,0
2034-06-19,1673,181845,0,0
2034-06-20,1586,181463,0,0
2034-06-21,1529,181037,0,0
2034-06-22,1492,180563,0,1
2034-06-23,1467,180872,0,0
2034-06-24,1430,180292,0,0
2034-06-25,1418,179647,0,0
2034-06-26,1420,178983,0,1
2034-06-27,1397,178947,0,0
2034-06-28,1342,178193,0,1
2034-06-29,1360,178050,0,1
2034-06-30,1366,177890,0,0
2034-07-01,1329,177046,0,1
2034-07-02,1453,176758,0,1
2034-07-03,1792,176598,0,0
2034-07-04,2073,176385,0,0
2034-07-05,2138,176482,0,0
2034-07-06,2138,176565,0,0
2034-07-07,2074,176554,0,0
2034-07-08,2017,176628,0,0
2034-07-09,2006,176784,0,0
2034-07-10,1949,176945,0,0
2034-07-11,1845,177031,0,0
2034-07-12,1766,176988,0,0
2034-07-13,1734,176877,0,0
2034-07-14,1674,176690,0,0
2034-07-15,1606,176389,0,0
2034-07-16,1533,175972,0,0
2034-07-17,1460,175440,0,0
2034-07-18,1390,174796,0,0
2034-07-19,1323,174045,0,0
2034-07-20,1262,173190,0,0
2034-07-21,1204,172237,0,0
2034-07-22,1177,171191,0,0
2034-07-23,1167,170138,0,0
2034-07-24,1172,169045,0,0
2034-07-25,1173,167906,0,0
2034-07-26,1173,166719,0,0
2034-07-27,1159,165496,0,0
2034-07-28,1128,164232,0,0
2034-07-29,1094,162920,0,0
2034-07-30,1057,161565,0,0
2034-07-31,935,160162,0,0
2034-08-01,844,158627,0,0
2034-08-02,820,156982,0,0
2034-08-03,795,155317,0,1
2034-08-04,770,154305,0,1
2034-08-05,747,153255,0,1
2034-08-06,731,152169,0,1
2034-08-07,704,151050,0,1
2034-08-08,684,149890,0,1
2034-08-09,671,148694,0,1
2034-08-10,648,147473,0,1
2034-08-11,631,146217,0,1
2034-08-12,619,144932,0,1
2034-08-13,598,143624,0,1
2034-08-14,583,142285,0,1
2034-08-15,692,140921,0,2
2034-08-16,676,139850,0,2
2034-08-17,659,138753,0,2
2034-08-18,643,137630,0,2
2034-08-19,626,136482,0,2
2034-08-20,612,135309,0,2
2034-08-21,597,134097,0,2
2034-08-22,583,132846,0,2
2034-08-23,569,131557,0,2
2034-08-24,555,130263,0,2
2034-08-25,551,128969,0,2
2034-08-26,558,127675,0,2
2034-08-27,565,126381,0,2
2034-08-28,562,125087,0,2
2034-08-29,550,123793,0,2
2034-08-30,539,122499,0,2
2034-08-31,527,121205,0,2
2034-09-01,516,119911,0,2
2034-09-02,505,118612,0,2
2034-09-03,495,117313,0,2
2034-09-04,485,116014,0,2
2034-09-05,474,114790,0,2
2034-09-06,465,113566,0,2
2034-09-07,456,112342,0,2
2034-09-08,455,111118,0,2
2034-09-09,455,109894,0,3
2034-09-10,472,108734,0,3
2034-09-11,505,107574,0,3
2034-09-12,553,106414,0,3
2034-09-13,1032,105254,0,3
2034-09-14,1012,104874,0,3
2034-09-15,1883,104635,0,3
2034-09-16,2358,105621,0,3
2034-09-17,2397,107105,0,3
2034-09-18,2348,108551,0,2
2034-09-19,2221,109779,0,2
2034-09-20,2052,110807,0,2
2034-09-21,1893,111568,0,2
2034-09-22,4280,112387,0,2
2034-09-23,5069,115368,0,2
2034-09-24,4419,118325,0,1
2034-09-25,3743,121031,0,1
2034-09-26,3163,123586,0,0
2034-09-27,2926,125584,0,0
2034-09-28,2769,127426,0,0
2034-09-29,2539,129049,0,0
2034-09-30,2317,130491,0,0
2034-10-01,2304,131622,0,0
2034-10-02,2672,132679,0,0
2034-10-03,2798,133884,0,0
2034-10-04,3918,135207,0,0
2034-10-05,4071,137647,0,0
2034-10-06,3671,140057,0,0
2034-10-07,3195,142320,0,0
2034-10-08,2911,144411,0,0
2034-10-09,2710,146281,0,0
2034-10-10,2413,147933,0,0
2034-10-11,2163,149231,0,0
2034-10-12,1956,150168,0,0
2034-10-13,2082,150809,0,0
2034-10-14,2544,151448,0,0
2034-10-15,2637,152295,0,0
2034-10-16,2621,153254,0,0
2034-10-17,2574,154348,0,0
2034-10-18,2564,155387,0,0
2034-10-19,2564,156445,0,0
2034-10-20,2511,157531,0,0
2034-10-21,2405,158578,0,0
2034-10-22,2349,159520,0,0
2034-10-23,2250,160388,0,0
2034-10-24,3299,161107,0,0
2034-10-25,3993,163123,0,0
2034-10-26,3787,165222,0,0
2034-10-27,3366,166846,0,0
2034-10-28,2961,168336,0,0
2034-10-29,2610,169721,0,0
2034-10-30,2318,171027,0,0
2034-10-31,2190,172243,0,0
2034-11-01,2079,173228,0,0
2034-11-02,1983,173964,0,0
2034-11-03,1837,174479,0,0
2034-11-04,1707,174730,0,0
2034-11-05,1595,174744,0,0
2034-11-06,1538,174550,0,0
2034-11-07,1538,174227,0,0
2034-11-08,1720,173842,0,0
2034-11-09,1833,173476,0,0
2034-11-10,1868,173138,0,0
2034-11-11,1868,172859,0,0
2034-11-12,2776,172637,0,0
2034-11-13,3401,173513,0,0
2034-11-14,3440,175304,0,0
2034-11-15,3374,177095,0,0
2034-11-16,3103,178962,0,0
2034-11-17,2874,180786,0,0
2034-11-18,2635,182491,0,0
2034-11-19,3562,183979,0,0
2034-11-20,3982,185486,0,0
2034-11-21,4497,187047,0,0
2034-11-22,4253,188860,0,0
2034-11-23,3781,190549,0,0
2034-11-24,3336,192083,0,0
2034-11-25,3363,192918,0,0
2034-11-26,3998,193683,0,0
2034-11-27,4001,194831,0,0
2034-11-28,3690,195874,0,0
2034-11-29,3490,196759,0,0
2034-11-30,3238,197611,0,0
2034-12-01,2971,198365,0,0
2034-12-02,2723,198951,0,0
2034-12-03,2504,199464,0,0
2034-12-04,2313,199919,0,0
2034-12-05,2146,200328,0,0
2034-12-06,2000,200699,0,0
2034-12-07,1926,201039,0,0
2034-12-08,3331,201353,0,0
2034-12-09,8876,202009,0,0
2034-12-10,8453,202828,0,0
2034-12-11,7323,202828,0,0
2034-12-12,6367,202828,0,0
2034-12-13,5588,202828,0,0
2034-12-14,4954,202828,0,0
2034-12-15,4439,202828,0,0
2034-12-16,4011,202828,0,0
2034-12-17,3651,202828,0,0
2034-12-18,4066,202828,0,0
2034-12-19,4058,202828,0,0
2034-12-20,5971,202828,0,0
2034-12-21,5914,202828,0,0
2034-12-22,6449,202828,0,0
2034-12-23,6416,202828,0,0
2034-12-24,10613,202828,0,0
2034-12-25,9723,202828,0,0
2034-12-26,11174,202828,0,0
2034-12-27,10145,202828,0,0
2034-12-28,9189,202828,0,0
2034-12-29,8372,202828,0,0
2034-12-30,8799,202828,0,0
2034-12-31,8184,202828,0,0
2035-01-01,7521,202828,0,0
2035-01-02,6957,202828,0,0
2035-01-03,6477,202828,0,0
2035-01-04,6066,202828,0,0
2035-01-05,5716,202828,0,0
2035-01-06,5406,202828,0,0
2035-01-07,5129,202828,0,0
2035-01-08,4884,202828,0,0
2035-01-09,6716,202828,0,0
2035-01-10,7892,202828,0,0
2035-01-11,9107,202828,0,0
2035-01-12,8424,202828,0,0
2035-01-13,7667,202828,0,0
2035-01-14,7084,202828,0,0
2035-01-15,7869,202828,0,0
2035-01-16,7458,202828,0,0
2035-01-17,6913,202828,0,0
2035-01-18,7425,202828,0,0
2035-01-19,7608,202828,0,0
2035-01-20,9418,202828,0,0
2035-01-21,8831,202828,0,0
2035-01-22,8310,202828,0,0
2035-01-23,7677,202828,0,0
2035-01-24,8140,202828,0,0
2035-01-25,8062,202828,0,0
2035-01-26,8102,202828,0,0
2035-01-27,8327,202828,0,0
2035-01-28,8614,202828,0,0
2035-01-29,9754,202828,0,0
2035-01-30,9367,202828,0,0
2035-01-31,11503,202828,0,0
2035-02-01,14294,202828,0,0
2035-02-02,12931,202828,0,0
2035-02-03,11919,202828,0,0
2035-02-04,10865,202828,0,0
2035-02-05,9975,202828,0,0
2035-02-06,9232,202828,0,0
2035-02-07,11149,202828,0,0
2035-02-08,10597,202828,0,0
2035-02-09,11538,202828,0,0
2035-02-10,10744,202828,0,0
2035-02-11,10476,202828,0,0
2035-02-12,9802,202828,0,0
2035-02-13,11149,202828,0,0
2035-02-14,10493,202828,0,0
2035-02-15,9794,202828,0,0
2035-02-16,9206,202828,0,0
2035-02-17,10303,202828,0,0
2035-02-18,9880,202828,0,0
2035-02-19,9318,202828,0,0
2035-02-20,8808,202828,0,0
2035-02-21,8330,202828,0,0
2035-02-22,8592,202828,0,0
2035-02-23,8226,202828,0,0
2035-02-24,12912,202828,0,0
2035-02-25,12126,202828,0,0
2035-02-26,11142,202828,0,0
2035-02-27,13119,202828,0,0
2035-02-28,12456,202828,0,0
2035-03-01,17240,202828,0,0
2035-03-02,15963,202828,0,0
2035-03-03,14572,202828,0,0
2035-03-04,13414,202828,0,0
2035-03-05,12447,202828,0,0
2035-03-06,11617,202828,0,0
2035-03-07,10909,202828,0,0
2035-03-08,10459,202828,0,0
2035-03-09,9915,202828,0,0
2035-03-10,9413,202828,0,0
2035-03-11,8982,202828,0,0
2035-03-12,8576,202828,0,0
2035-03-13,8211,202828,0,0
2035-03-14,7876,202828,0,0
2035-03-15,7568,202828,0,0
2035-03-16,7282,202828,0,0
2035-03-17,7427,202828,0,0
2035-03-18,7203,202828,0,0
2035-03-19,8739,202828,0,0
2035-03-20,9222,202828,0,0
2035-03-21,8766,202828,0,0
2035-03-22,8262,202828,0,0
2035-03-23,7819,202828,0,0
2035-03-24,7425,202828,0,0
2035-03-25,7076,202828,0,0
2035-03-26,6767,202828,0,0
2035-03-27,6480,202828,0,0
2035-03-28,6219,202828,0,0
2035-03-29,6772,202828,0,0
2035-03-30,6627,202828,0,0
2035-03-31,6332,202828,0,0
2035-04-01,7343,202828,0,0
2035-04-02,7107,202828,0,0
2035-04-03,7210,202828,0,0
2035-04-04,6836,202828,0,0
2035-04-05,7097,202828,0,0
2035-04-06,11106,202828,0,0
2035-04-07,12135,202828,0,0
2035-04-08,11098,202828,0,0
2035-04-09,10147,202828,0,0
2035-04-10,9344,202828,0,0
2035-04-11,8687,202828,0,0
2035-04-12,8245,202828,0,0
2035-04-13,7752,202828,0,0
2035-04-14,7304,202828,0,0
2035-04-15,6910,202828,0,0
2035-04-16,6563,202828,0,0
2035-04-17,6253,202828,0,0
2035-04-18,5974,202828,0,0
2035-04-19,5721,202828,0,0
2035-04-20,7441,202828,0,0
2035-04-21,7721,202828,0,0
2035-04-22,8408,202828,0,0
2035-04-23,7990,202828,0,0
2035-04-24,7805,202828,0,0
2035-04-25,7363,202828,0,0
2035-04-26,7116,202828,0,0
2035-04-27,6749,202828,0,0
2035-04-28,6397,202828,0,0
2035-04-29,6087,202828,0,0
2035-04-30,5813,202828,0,0
2035-05-01,5564,202828,0,0
2035-05-02,5323,202828,0,0
2035-05-03,5107,202828,0,0
2035-05-04,4905,202828,0,0
2035-05-05,4718,202828,0,0
2035-05-06,4544,202828,0,0
2035-05-07,4380,202828,0,0
2035-05-08,4226,202828,0,0
2035-05-09,4080,202828,0,0
2035-05-10,3942,202828,0,0
2035-05-11,3811,202828,0,0
2035-05-12,3685,202828,0,0
2035-05-13,3568,202828,0,0
2035-05-14,3460,202828,0,0
2035-05-15,3351,202828,0,0
2035-05-16,3242,202828,0,0
2035-05-17,3138,202828,0,0
2035-05-18,3036,202828,0,0
2035-05-19,2939,202828,0,0
2035-05-20,2844,202828,0,0
2035-05-21,2753,202828,0,0
2035-05-22,2667,202828,0,0
2035-05-23,2582,202828,0,0
2035-05-24,2499,202828,0,0
2035-05-25,2420,202828,0,0
2035-05-26,2345,202828,0,0
2035-05-27,2306,202828,0,0
2035-05-28,2269,202828,0,0
2035-05-29,2275,202828,0,0
2035-05-30,2263,202828,0,0
2035-05-31,2653,202828,0,0
2035-06-01,3339,202828,0,0
2035-06-02,3590,202828,0,0
2035-06-03,3519,202828,0,0
2035-06-04,3339,202828,0,0
2035-06-05,3146,202828,0,0
2035-06-06,2966,202828,0,0
2035-06-07,2805,202828,0,0
2035-06-08,2659,202828,0,0
2035-06-09,2531,202828,0,0
2035-06-10,2412,202828,0,0
2035-06-11,2306,202828,0,0
2035-06-12,2207,202828,0,0
2035-06-13,2118,202828,0,0
2035-06-14,2035,202828,0,0
2035-06-15,1956,202828,0,0
2035-06-16,1899,202828,0,0
2035-06-17,1862,202794,0,0
2035-06-18,1828,202679,0,0
2035-06-19,1795,202489,0,0
2035-06-20,1765,202228,0,0
2035-06-21,1728,201902,0,0
2035-06-22,1695,201506,0,0
2035-06-23,1668,201051,0,0
2035-06-24,1642,200535,0,0
2035-06-25,1609,199964,0,0
2035-06-26,1569,199336,0,0
2035-06-27,1527,198649,0,0
2035-06-28,1482,197903,0,0
2035-06-29,1436,197098,0,0
2035-06-30,1414,196233,0,0
2035-07-01,1414,195332,0,0
2035-07-02,1375,194311,0,0
2035-07-03,1739,193186,0,0
2035-07-04,2274,192533,0,0
2035-07-05,2480,192627,0,0
2035-07-06,2480,192953,0,0
2035-07-07,2423,193220,0,0
2035-07-08,2324,193511,0,0
2035-07-09,2285,193897,0,0
2035-07-10,2278,194326,0,0
2035-07-11,2190,194750,0,0
2035-07-12,2063,195070,0,0
2035-07-13,1940,195238,0,0
2035-07-14,1822,195246,0,0
2035-07-15,1720,195090,0,0
2035-07-16,1628,194781,0,0
2035-07-17,1543,194324,0,0
2035-07-18,1469,193728,0,0
2035-07-19,1401,193006,0,0
2035-07-20,1338,192166,0,0
2035-07-21,1281,191216,0,0
2035-07-22,1228,190167,0,0
2035-07-23,1190,189024,0,0
2035-07-24,1167,187812,0,0
2035-07-25,1154,186546,0,0
2035-07-26,1142,185234,0,0
2035-07-27,1151,183891,0,0
2035-07-28,1156,182524,0,0
2035-07-29,1156,181130,0,0
2035-07-30,1151,179712,0,0
2035-07-31,1153,178294,0,0
2035-08-01,1152,176969,0,0
2035-08-02,1137,175623,0,0
2035-08-03,1118,174270,0,0
2035-08-04,1118,172899,0,0
2035-08-05,1211,171612,0,0
2035-08-06,1365,170443,0,0
2035-08-07,1476,169429,0,0
2035-08-08,1487,168491,0,0
2035-08-09,1487,167518,0,0
2035-08-10,1461,166535,0,0
2035-08-11,1396,165594,0,0
2035-08-12,1314,164637,0,0
2035-08-13,1239,163628,0,0
2035-08-14,1170,162556,0,0
2035-08-15,1108,161412,0,0
2035-08-16,1052,160193,0,0
2035-08-17,1002,158898,0,0
2035-08-18,960,157528,0,0
2035-08-19,924,156097,0,0
2035-08-20,891,154604,0,0
2035-08-21,1152,153050,0,0
2035-08-22,1818,151844,0,0
2035-08-23,2382,151525,0,0
2035-08-24,2567,151790,0,0
2035-08-25,2567,152312,0,0
2035-08-26,2486,152777,0,0
2035-08-27,2248,153173,0,0
2035-08-28,2031,153539,0,0
2035-08-29,1840,153777,0,0
2035-08-30,1677,153834,0,0
2035-08-31,1535,153693,0,0
2035-09-01,1414,153353,0,0
2035-09-02,1309,152952,0,0
2035-09-03,1217,152378,0,0
2035-09-04,1136,151644,0,0
2035-09-05,1066,150768,0,0
2035-09-06,1004,149763,0,0
2035-09-07,986,148642,0,0
2035-09-08,1742,147497,0,0
2035-09-09,2898,147348,0,0
2035-09-10,3381,148271,0,0
2035-09-11,3214,149934,0,0
2035-09-12,2857,151319,0,0
2035-09-13,2526,152452,0,0
2035-09-14,2242,153491,0,0
2035-09-15,2002,154314,0,0
2035-09-16,2002,154869,0,0
2035-09-17,2094,155335,0,0
2035-09-18,3150,155721,0,0
2035-09-19,4592,157308,0,0
2035-09-20,7463,159671,0,0
2035-09-21,7376,162476,0,0
2035-09-22,6247,165323,0,0
2035-09-23,5227,167905,0,0
2035-09-24,4475,170259,0,0
2035-09-25,3825,172478,0,0
2035-09-26,3397,174567,0,0
2035-09-27,2997,176614,0,0
2035-09-28,2823,178585,0,0
2035-09-29,2799,180318,0,0
2035-09-30,2891,182179,0,0
2035-10-01,2757,183965,0,0
2035-10-02,2593,185656,0,0
2035-10-03,2499,187057,0,0
2035-10-04,2402,188384,0,0
2035-10-05,2287,189544,0,0
2035-10-06,2118,190502,0,0
2035-10-07,1969,191197,0,0
2035-10-08,1838,191648,0,0
2035-10-09,1806,191877,0,0
2035-10-10,1810,192069,0,0
2035-10-11,1810,192171,0,0
2035-10-12,1791,192180,0,0
2035-10-13,1752,192102,0,0
2035-10-14,1719,191956,0,0
2035-10-15,1677,191754,0,0
2035-10-16,1625,191475,0,0
2035-10-17,1567,191113,0,0
2035-10-18,1533,190667,0,0
2035-10-19,1507,190190,0,0
2035-10-20,1493,189659,0,0
2035-10-21,1473,189092,0,0
2035-10-22,1444,188471,0,0
2035-10-23,1406,187789,0,0
2035-10-24,1362,187046,0,0
2035-10-25,1314,186240,0,0
2035-10-26,1266,185370,0,0
2035-10-27,1218,184435,0,0
2035-10-28,1172,183435,0,0
2035-10-29,1129,182370,0,0
2035-10-30,1088,181242,0,0
2035-10-31,1050,180052,0,0
2035-11-01,1014,178804,0,0
2035-11-02,979,177446,0,0
2035-11-03,901,176033,0,0
2035-11-04,990,174551,0,0
2035-11-05,1205,173097,0,0
2035-11-06,1496,171963,0,0
2035-11-07,1735,171254,0,0
2035-11-08,1838,170801,0,0
2035-11-09,1833,170410,0,0
2035-11-10,1797,169978,0,0
2035-11-11,1815,169513,0,0
2035-11-12,2116,169254,0,0
2035-11-13,4420,169346,0,0
2035-11-14,4931,171776,0,0
2035-11-15,4385,174169,0,0
2035-11-16,3753,176407,0,0
2035-11-17,3952,178506,0,0
2035-11-18,4014,180705,0,0
2035-11-19,3672,183004,0,0
2035-11-20,3238,185200,0,0
2035-11-21,2914,187279,0,0
2035-11-22,2740,189147,0,0
2035-11-23,2511,190788,0,0
2035-11-24,2273,192109,0,0
2035-11-25,2069,193093,0,0
2035-11-26,1898,193788,0,0
2035-11-27,1771,194177,0,0
2035-11-28,1730,194329,0,0
2035-11-29,1730,194342,0,0
2035-11-30,2036,194215,0,0
2035-12-01,2413,194245,0,0
2035-12-02,2514,194745,0,0
2035-12-03,2522,195323,0,0
2035-12-04,2517,195933,0,0
2035-12-05,2489,196682,0,0
2035-12-06,2624,197499,0,0
2035-12-07,2668,198484,0,0
2035-12-08,3440,199522,0,0
2035-12-09,3799,200449,0,0
2035-12-10,3612,201400,0,0
2035-12-11,3277,202209,0,0
2035-12-12,2950,202828,0,0
2035-12-13,2664,202828,0,0
2035-12-14,2411,202828,0,0
2035-12-15,3795,202828,0,0
2035-12-16,5430,202828,0,0
2035-12-17,5581,202828,0,0
2035-12-18,5094,202828,0,0
2035-12-19,4571,202828,0,0
2035-12-20,4116,202828,0,0
2035-12-21,3733,202828,0,0
2035-12-22,3409,202828,0,0
2035-12-23,3138,202828,0,0
2035-12-24,2928,202828,0,0
2035-12-25,2744,202828,0,0
2035-12-26,2608,202828,0,0
2035-12-27,2500,202828,0,0
2035-12-28,2394,202828,0,0
2035-12-29,2276,202828,0,0
2035-12-30,2154,202828,0,0
2035-12-31,2083,202828,0,0
2036-01-01,2191,202828,0,0
2036-01-02,2262,202828,0,0
2036-01-03,2556,202828,0,0
2036-01-04,2708,202828,0,0
2036-01-05,2675,202828,0,0
2036-01-06,2553,202828,0,0
2036-01-07,2406,202828,0,0
2036-01-08,2262,202828,0,0
2036-01-09,2129,202828,0,0
2036-01-10,2009,202828,0,0
2036-01-11,2821,202828,0,0
2036-01-12,12548,202828,0,0
2036-01-13,14587,202828,0,0
2036-01-14,12686,202828,0,0
2036-01-15,11062,202828,0,0
2036-01-16,9748,202828,0,0
2036-01-17,8857,202828,0,0
2036-01-18,8028,202828,0,0
2036-01-19,8191,202828,0,0
2036-01-20,7609,202828,0,0
2036-01-21,7076,202828,0,0
2036-01-22,6560,202828,0,0
2036-01-23,6108,202828,0,0
2036-01-24,5718,202828,0,0
2036-01-25,5387,202828,0,0
2036-01-26,5101,202828,0,0
2036-01-27,4846,202828,0,0
2036-01-28,4612,202828,0,0
2036-01-29,4399,202828,0,0
2036-01-30,4206,202828,0,0
2036-01-31,4049,202828,0,0
2036-02-01,3894,202828,0,0
2036-02-02,3747,202828,0,0
2036-02-03,3606,202828,0,0
2036-02-04,3474,202828,0,0
2036-02-05,3349,202828,0,0
2036-02-06,3229,202828,0,0
2036-02-07,3115,202828,0,0
2036-02-08,3065,202828,0,0
2036-02-09,3394,202828,0,0
2036-02-10,3542,202828,0,0
2036-02-11,3637,202828,0,0
2036-02-12,3576,202828,0,0
2036-02-13,3437,202828,0,0
2036-02-14,3282,202828,0,0
2036-02-15,3131,202828,0,0
2036-02-16,3003,202828,0,0
2036-02-17,2881,202828,0,0
2036-02-18,3064,202828,0,0
2036-02-19,3292,202828,0,0
2036-02-20,3321,202828,0,0
2036-02-21,3216,202828,0,0
2036-02-22,3064,202828,0,0
2036-02-23,3760,202828,0,0
2036-02-24,4863,202828,0,0
2036-02-25,5170,202828,0,0
2036-02-26,4842,202828,0,0
2036-02-27,4415,202828,0,0
2036-02-28,4023,202828,0,0
2036-02-29,3686,202828,0,0
2036-03-01,3476,202828,0,0
2036-03-02,3887,202828,0,0
2036-03-03,4098,202828,0,0
2036-03-04,3975,202828,0,0
2036-03-05,3739,202828,0,0
2036-03-06,3494,202828,0,0
2036-03-07,3272,202828,0,0
2036-03-08,3077,202828,0,0
2036-03-09,2903,202828,0,0
2036-03-10,2750,202828,0,0
2036-03-11,3120,202828,0,0
2036-03-12,3305,202828,0,0
2036-03-13,5667,202828,0,0
2036-03-14,6341,202828,0,0
2036-03-15,5970,202828,0,0
2036-03-16,5468,202828,0,0
2036-03-17,5012,202828,0,0
2036-03-18,4627,202828,0,0
2036-03-19,4299,202828,0,0
2036-03-20,4016,202828,0,0
2036-03-21,3768,202828,0,0
2036-03-22,3554,202828,0,0
2036-03-23,3364,202828,0,0
2036-03-24,3196,202828,0,0
2036-03-25,3045,202828,0,0
2036-03-26,2908,202828,0,0
2036-03-27,2784,202828,0,0
2036-03-28,2670,202828,0,0
2036-03-29,2565,202828,0,0
2036-03-30,2467,202828,0,0
2036-03-31,2376,202828,0,0
2036-04-01,2289,202828,0,0
2036-04-02,2208,202828,0,0
2036-04-03,2132,202828,0,0
2036-04-04,2058,202828,0,0
2036-04-05,1990,202828,0,0
2036-04-06,1923,202828,0,0
2036-04-07,1860,202828,0,0
2036-04-08,1828,202822,0,0
2036-04-09,1798,202750,0,0
2036-04-10,1767,202614,0,0
2036-04-11,1738,202416,0,0
2036-04-12,1730,202160,0,0
2036-04-13,1743,201884,0,0
2036-04-14,1749,201584,0,0
2036-04-15,1749,201261,0,0
2036-04-16,1739,200921,0,0
2036-04-17,1739,200566,0,0
2036-04-18,1754,200202,0,0
2036-04-19,1834,199823,0,0
2036-04-20,1897,199502,0,0
2036-04-21,1945,199254,0,0
2036-04-22,1948,199100,0,0
2036-04-23,1994,199004,0,0
2036-04-24,2193,198980,0,0
2036-04-25,2251,199192,0,0
2036-04-26,3489,199490,0,0
2036-04-27,4106,201428,0,0
2036-04-28,4454,202787,0,0
2036-04-29,4207,202828,0,0
2036-04-30,3770,202828,0,0
2036-05-01,3439,202828,0,0
2036-05-02,3178,202828,0,0
2036-05-03,2903,202828,0,0
2036-05-04,4051,202828,0,0
2036-05-05,4393,202828,0,0
2036-05-06,4100,202828,0,0
2036-05-07,3686,202828,0,0
2036-05-08,3303,202828,0,0
2036-05-09,2976,202828,0,0
2036-05-10,2972,202828,0,0
2036-05-11,2911,202828,0,0
2036-05-12,2779,202828,0,0
2036-05-13,2608,202828,0,0
2036-05-14,2434,202828,0,0
2036-05-15,2271,202828,0,0
2036-05-16,2123,202828,0,0
2036-05-17,1993,202828,0,0
2036-05-18,1877,202828,0,0
2036-05-19,1774,202828,0,0
2036-05-20,1724,202828,0,0
2036-05-21,1678,202715,0,0
2036-05-22,1635,202492,0,0
2036-05-23,1594,202166,0,0
2036-05-24,1594,201749,0,0
2036-05-25,1604,201324,0,0
2036-05-26,1691,200891,0,0
2036-05-27,1735,200473,0,0
2036-05-28,1735,200059,0,0
2036-05-29,1726,199646,0,0
2036-05-30,1699,199248,0,0
2036-05-31,1662,198843,0,0
2036-06-01,1619,198391,0,0
2036-06-02,1549,197879,0,0
2036-06-03,1484,197285,0,0
2036-06-04,1425,196606,0,0
2036-06-05,1369,195841,0,0
2036-06-06,1348,194991,0,0
2036-06-07,1348,194105,0,0
2036-06-08,9702,193178,0,0
2036-06-09,11361,195132,0,0
2036-06-10,9434,198006,0,0
2036-06-11,7781,200880,0,0
2036-06-12,6479,202828,0,0
2036-06-13,6253,202828,0,0
2036-06-14,6285,202828,0,0
2036-06-15,5791,202828,0,0
2036-06-16,5080,202828,0,0
2036-06-17,4534,202828,0,0
2036-06-18,4160,202828,0,0
2036-06-19,3759,202828,0,0
2036-06-20,3524,202828,0,0
2036-06-21,3472,202828,0,0
2036-06-22,3300,202828,0,0
2036-06-23,3209,202828,0,0
2036-06-24,3046,202828,0,0
2036-06-25,3162,202828,0,0
2036-06-26,3151,202828,0,0
2036-06-27,3015,202828,0,0
2036-06-28,2832,202828,0,0
2036-06-29,2648,202828,0,0
2036-06-30,2559,202828,0,0
2036-07-01,2461,202828,0,0
2036-07-02,2785,202828,0,0
2036-07-03,2967,202828,0,0
2036-07-04,2925,202828,0,0
2036-07-05,2774,202828,0,0
2036-07-06,2601,202828,0,0
2036-07-07,2487,202828,0,0
2036-07-08,2374,202828,0,0
2036-07-09,2284,202828,0,0
2036-07-10,2565,202828,0,0
2036-07-11,5671,202828,0,0
2036-07-12,6176,202828,0,0
2036-07-13,5576,202828,0,0
2036-07-14,4928,202828,0,0
2036-07-15,4379,202828,0,0
2036-07-16,3924,202828,0,0
2036-07-17,3546,202828,0,0
2036-07-18,3231,202828,0,0
2036-07-19,2965,202828,0,0
2036-07-20,2740,202828,0,0
2036-07-21,2548,202828,0,0
2036-07-22,2380,202828,0,0
2036-07-23,2234,202828,0,0
2036-07-24,2106,202828,0,0
2036-07-25,1994,202828,0,0
2036-07-26,1895,202828,0,0
2036-07-27,1845,202828,0,0
2036-07-28,1910,202711,0,0
2036-07-29,2095,202601,0,0
2036-07-30,2142,202574,0,0
2036-07-31,2122,202558,0,0
2036-08-01,2122,202537,0,0
2036-08-02,2141,202590,0,0
2036-08-03,2135,202678,0,0
2036-08-04,2091,202770,0,0
2036-08-05,2029,202828,0,0
2036-08-06,2015,202828,0,0
2036-08-07,2015,202816,0,0
2036-08-08,2003,202771,0,0
2036-08-09,2003,202689,0,0
2036-08-10,2058,202587,0,0
2036-08-11,2798,202491,0,0
2036-08-12,3495,202828,0,0
2036-08-13,3478,202828,0,0
2036-08-14,3203,202828,0,0
2036-08-15,3037,202828,0,0
2036-08-16,2750,202828,0,0
2036-08-17,2501,202828,0,0
2036-08-18,2289,202828,0,0
2036-08-19,2110,202828,0,0
2036-08-20,1954,202828,0,0
2036-08-21,1819,202828,0,0
2036-08-22,1744,202828,0,0
2036-08-23,1693,202682,0,0
2036-08-24,1686,202404,0,0
2036-08-25,1695,202072,0,0
2036-08-26,1695,201674,0,0
2036-08-27,1691,201216,0,0
2036-08-28,1670,200719,0,0
2036-08-29,1852,200177,0,0
2036-08-30,2472,199701,0,0
2036-08-31,2765,200002,0,0
2036-09-01,2706,200718,0,0
2036-09-02,2610,201350,0,0
2036-09-03,2585,201898,0,0
2036-09-04,2428,202416,0,0
2036-09-05,2245,202828,0,0
2036-09-06,2064,202828,0,0
2036-09-07,1901,202828,0,0
2036-09-08,1850,202828,0,0
2036-09-09,1914,202828,0,0
2036-09-10,1956,202828,0,0
2036-09-11,2058,202828,0,0
2036-09-12,2806,202828,0,0
2036-09-13,3211,202828,0,0
2036-09-14,4383,202828,0,0
2036-09-15,4438,202828,0,0
2036-09-16,4347,202828,0,0
2036-09-17,3944,202828,0,0
2036-09-18,3495,202828,0,0
2036-09-19,3093,202828,0,0
2036-09-20,2750,202828,0,0
2036-09-21,2601,202828,0,0
2036-09-22,2610,202828,0,0
2036-09-23,2676,202828,0,0
2036-09-24,2610,202828,0,0
2036-09-25,2447,202828,0,0
2036-09-26,2595,202828,0,0
2036-09-27,3205,202828,0,0
2036-09-28,4390,202828,0,0
2036-09-29,4423,202828,0,0
2036-09-30,3986,202828,0,0
2036-10-01,3886,202828,0,0
2036-10-02,6199,202828,0,0
2036-10-03,6080,202828,0,0
2036-10-04,5339,202828,0,0
2036-10-05,4633,202828,0,0
2036-10-06,4045,202828,0,0
2036-10-07,3564,202828,0,0
2036-10-08,3181,202828,0,0
2036-10-09,3784,202828,0,0
2036-10-10,3908,202828,0,0
2036-10-11,3663,202828,0,0
2036-10-12,3337,202828,0,0
2036-10-13,3027,202828,0,0
2036-10-14,2758,202828,0,0
2036-10-15,2528,202828,0,0
2036-10-16,2331,202828,0,0
2036-10-17,2161,202828,0,0
2036-10-18,2051,202828,0,0
2036-10-19,2206,202828,0,0
2036-10-20,2330,202828,0,0
2036-10-21,2355,202828,0,0
2036-10-22,2286,202828,0,0
2036-10-23,3371,202828,0,0
2036-10-24,3956,202828,0,0
2036-10-25,3839,202828,0,0
2036-10-26,3517,202828,0,0
2036-10-27,3191,202828,0,0
2036-10-28,2901,202828,0,0
2036-10-29,2652,202828,0,0
2036-10-30,2440,202828,0,0
2036-10-31,2259,202828,0,0
2036-11-01,2103,202828,0,0
2036-11-02,1967,202828,0,0
2036-11-03,1848,202828,0,0
2036-11-04,1743,202828,0,0
2036-11-05,1691,202822,0,0
2036-11-06,1646,202686,0,0
2036-11-07,1646,202437,0,0
2036-11-08,2108,202103,0,0
2036-11-09,14599,202034,0,0
2036-11-10,13451,202828,0,0
2036-11-11,11757,202828,0,0
2036-11-12,10375,202828,0,0
2036-11-13,9554,202828,0,0
2036-11-14,8355,202828,0,0
2036-11-15,16231,202828,0,0
2036-11-16,14401,202828,0,0
2036-11-17,14376,202828,0,0
2036-11-18,12778,202828,0,0
2036-11-19,14356,202828,0,0
2036-11-20,12959,202828,0,0
2036-11-21,11706,202828,0,0
2036-11-22,10669,202828,0,0
2036-11-23,9822,202828,0,0
2036-11-24,9096,202828,0,0
2036-11-25,8509,202828,0,0
2036-11-26,7980,202828,0,0
2036-11-27,7514,202828,0,0
2036-11-28,7109,202828,0,0
2036-11-29,6754,202828,0,0
2036-11-30,6432,202828,0,0
2036-12-01,6154,202828,0,0
2036-12-02,5896,202828,0,0
2036-12-03,5655,202828,0,0
2036-12-04,5433,202828,0,0
2036-12-05,5226,202828,0,0
2036-12-06,5033,202828,0,0
2036-12-07,4853,202828,0,0
2036-12-08,4681,202828,0,0
2036-12-09,4521,202828,0,0
2036-12-10,4369,202828,0,0
2036-12-11,4224,202828,0,0
2036-12-12,4088,202828,0,0
2036-12-13,3955,202828,0,0
2036-12-14,3828,202828,0,0
2036-12-15,3704,202828,0,0
2036-12-16,3668,202828,0,0
2036-12-17,3805,202828,0,0
2036-12-18,5081,202828,0,0
2036-12-19,5324,202828,0,0
2036-12-20,5072,202828,0,0
2036-12-21,4746,202828,0,0
2036-12-22,4458,202828,0,0
2036-12-23,4198,202828,0,0
2036-12-24,4735,202828,0,0
2036-12-25,6354,202828,0,0
2036-12-26,6232,202828,0,0
2036-12-27,6513,202828,0,0
2036-12-28,7803,202828,0,0
2036-12-29,7257,202828,0,0
2036-12-30,6530,202828,0,0
2037-01-01,7671,202828,0,0
2037-01-02,7751,202828,0,0
2037-01-03,7133,202828,0,0
2037-01-04,6517,202828,0,0
2037-01-05,5992,202828,0,0
2037-01-06,5546,202828,0,0
2037-01-07,5170,202828,0,0
2037-01-08,5691,202828,0,0
2037-01-09,6883,202828,0,0
2037-01-10,7522,202828,0,0
2037-01-11,7708,202828,0,0
2037-01-12,9421,202828,0,0
2037-01-13,8646,202828,0,0
2037-01-14,8808,202828,0,0
2037-01-15,10553,202828,0,0
2037-01-16,9648,202828,0,0
2037-01-17,8741,202828,0,0
2037-01-18,11271,202828,0,0
2037-01-19,13672,202828,0,0
2037-01-20,12387,202828,0,0
2037-01-21,11195,202828,0,0
2037-01-22,10210,202828,0,0
2037-01-23,10028,202828,0,0
2037-01-24,15124,202828,0,0
2037-01-25,13847,202828,0,0
2037-01-26,12638,202828,0,0
2037-01-27,11601,202828,0,0
2037-01-28,11126,202828,0,0
2037-01-29,10356,202828,0,0
2037-01-30,10519,202828,0,0
2037-01-31,10334,202828,0,0
2037-02-01,9756,202828,0,0
2037-02-02,9177,202828,0,0
2037-02-03,8667,202828,0,0
2037-02-04,8221,202828,0,0
2037-02-05,7823,202828,0,0
2037-02-06,7465,202828,0,0
2037-02-07,7140,202828,0,0
2037-02-08,6851,202828,0,0
2037-02-09,6579,202828,0,0
2037-02-10,6618,202828,0,0
2037-02-11,8175,202828,0,0
2037-02-12,9019,202828,0,0
2037-02-13,8546,202828,0,0
2037-02-14,8008,202828,0,0
2037-02-15,7529,202828,0,0
2037-02-16,7115,202828,0,0
2037-02-17,8518,202828,0,0
2037-02-18,8190,202828,0,0
2037-02-19,7684,202828,0,0
2037-02-20,7590,202828,0,0
2037-02-21,7516,202828,0,0
2037-02-22,8159,202828,0,0
2037-02-23,8006,202828,0,0
2037-02-24,7823,202828,0,0
2037-02-25,13996,202828,0,0
2037-02-26,18351,202828,0,0
2037-02-27,18188,202828,0,0
2037-02-28,16339,202828,0,0
2037-03-01,14828,202828,0,0
2037-03-02,13635,202828,0,0
2037-03-03,12858,202828,0,0
2037-03-04,11924,202828,0,0
2037-03-05,11121,202828,0,0
2037-03-06,10525,202828,0,0
2037-03-07,9920,202828,0,0
2037-03-08,9384,202828,0,0
2037-03-09,8917,202828,0,0
2037-03-10,8494,202828,0,0
2037-03-11,8114,202828,0,0
2037-03-12,7770,202828,0,0
2037-03-13,7455,202828,0,0
2037-03-14,7165,202828,0,0
2037-03-15,6895,202828,0,0
2037-03-16,7551,202828,0,0
2037-03-17,7466,202828,0,0
2037-03-18,7168,202828,0,0
2037-03-19,6851,202828,0,0
2037-03-20,6556,202828,0,0
2037-03-21,6287,202828,0,0
2037-03-22,6631,202828,0,0
2037-03-23,8829,202828,0,0
2037-03-24,10340,202828,0,0
2037-03-25,9661,202828,0,0
2037-03-26,9641,202828,0,0
2037-03-27,8978,202828,0,0
2037-03-28,8788,202828,0,0
2037-03-29,8468,202828,0,0
2037-03-30,8094,202828,0,0
2037-03-31,7625,202828,0,0
2037-04-01,7195,202828,0,0
2037-04-02,6818,202828,0,0
2037-04-03,7634,202828,0,0
2037-04-04,8275,202828,0,0
2037-04-05,8275,202828,0,0
2037-04-06,11256,202828,0,0
2037-04-07,16925,202828,0,0
2037-04-08,16192,202828,0,0
2037-04-09,15950,202828,0,0
2037-04-10,14213,202828,0,0
2037-04-11,12763,202828,0,0
2037-04-12,11569,202828,0,0
2037-04-13,12760,202828,0,0
2037-04-14,13348,202828,0,0
2037-04-15,13685,202828,0,0
2037-04-16,13091,202828,0,0
2037-04-17,14332,202828,0,0
2037-04-18,19577,202828,0,0
2037-04-19,23499,202828,0,0
2037-04-20,21066,202828,0,0
2037-04-21,19372,202828,0,0
2037-04-22,17661,202828,0,0
2037-04-23,16262,202828,0,0
2037-04-24,15139,202828,0,0
2037-04-25,14110,202828,0,0
2037-04-26,13220,202828,0,0
2037-04-27,12478,202828,0,0
2037-04-28,12261,202828,0,0
2037-04-29,12587,202828,0,0
2037-04-30,21685,202828,0,0
2037-05-01,22092,202828,0,0
2037-05-02,20759,202828,0,0
2037-05-03,21051,202828,0,0
2037-05-04,20992,202828,0,0
2037-05-05,20102,202828,0,0
2037-05-06,20498,202828,0,0
2037-05-07,20197,202828,0,0
2037-05-08,18755,202828,0,0
2037-05-09,17510,202828,0,0
2037-05-10,16439,202828,0,0
2037-05-11,15515,202828,0,0
2037-05-12,14703,202828,0,0
2037-05-13,13994,202828,0,0
2037-05-14,13347,202828,0,0
2037-05-15,12767,202828,0,0
2037-05-16,12249,202828,0,0
2037-05-17,11756,202828,0,0
2037-05-18,11298,202828,0,0
2037-05-19,10884,202828,0,0
2037-05-20,10486,202828,0,0
2037-05-21,10124,202828,0,0
2037-05-22,9769,202828,0,0
2037-05-23,9440,202828,0,0
2037-05-24,9354,202828,0,0
2037-05-25,9043,202828,0,0
2037-05-26,8732,202828,0,0
2037-05-27,8428,202828,0,0
2037-05-28,8144,202828,0,0
2037-05-29,8136,202828,0,0
2037-05-30,7905,202828,0,0
2037-05-31,7626,202828,0,0
2037-06-01,10916,202828,0,0
2037-06-02,10918,202828,0,0
2037-06-03,10200,202828,0,0
2037-06-04,11944,202828,0,0
2037-06-05,19270,202828,0,0
2037-06-06,17968,202828,0,0
2037-06-07,16326,202828,0,0
2037-06-08,15204,202828,0,0
2037-06-09,14028,202828,0,0
2037-06-10,13026,202828,0,0
2037-06-11,12170,202828,0,0
2037-06-12,11436,202828,0,0
2037-06-13,10796,202828,0,0
2037-06-14,10235,202828,0,0
2037-06-15,9742,202828,0,0
2037-06-16,9294,202828,0,0
2037-06-17,8897,202828,0,0
2037-06-18,8532,202828,0,0
2037-06-19,8192,202828,0,0
2037-06-20,7879,202828,0,0
2037-06-21,7588,202828,0,0
2037-06-22,7314,202828,0,0
2037-06-23,7057,202828,0,0
2037-06-24,6813,202828,0,0
2037-06-25,6581,202828,0,0
2037-06-26,6361,202828,0,0
2037-06-27,6151,202828,0,0
2037-06-28,5950,202828,0,0
2037-06-29,5758,202828,0,0
2037-06-30,5572,202828,0,0
2037-07-01,5393,202828,0,0
2037-07-02,5276,202828,0,0
2037-07-03,5125,202828,0,0
2037-07-04,4970,202828,0,0
2037-07-05,4812,202828,0,0
2037-07-06,4652,202828,0,0
2037-07-07,4505,202828,0,0
2037-07-08,4683,202828,0,0
2037-07-09,4647,202828,0,0
2037-07-10,4500,202828,0,0
2037-07-11,4332,202828,0,0
2037-07-12,4166,202828,0,0
2037-07-13,4013,202828,0,0
2037-07-14,3868,202828,0,0
2037-07-15,4819,202828,0,0
2037-07-16,5047,202828,0,0
2037-07-17,4877,202828,0,0
2037-07-18,4643,202828,0,0
2037-07-19,4463,202828,0,0
2037-07-20,4261,202828,0,0
2037-07-21,4060,202828,0,0
2037-07-22,3874,202828,0,0
2037-07-23,3703,202828,0,0
2037-07-24,3547,202828,0,0
2037-07-25,3403,202828,0,0
2037-07-26,3270,202828,0,0
2037-07-27,3147,202828,0,0
2037-07-28,3031,202828,0,0
2037-07-29,2924,202828,0,0
2037-07-30,2821,202828,0,0
2037-07-31,2723,202828,0,0
2037-08-01,2667,202828,0,0
2037-08-02,3424,202828,0,0
2037-08-03,3863,202828,0,0
2037-08-04,3862,202828,0,0
2037-08-05,3692,202828,0,0
2037-08-06,3494,202828,0,0
2037-08-07,3304,202828,0,0
2037-08-08,3133,202828,0,0
2037-08-09,2979,202828,0,0
2037-08-10,2841,202828,0,0
2037-08-11,2715,202828,0,0
2037-08-12,2600,202828,0,0
2037-08-13,2494,202828,0,0
2037-08-14,2397,202828,0,0
2037-08-15,2306,202828,0,0
2037-08-16,2221,202828,0,0
2037-08-17,2142,202828,0,0
2037-08-18,2066,202828,0,0
2037-08-19,2010,202828,0,0
2037-08-20,1974,202795,0,0
2037-08-21,1940,202685,0,0
2037-08-22,1907,202504,0,0
2037-08-23,1875,202256,0,0
2037-08-24,1818,201943,0,0
2037-08-25,1765,201542,0,0
2037-08-26,1712,201058,0,0
2037-08-27,1712,200494,0,0
2037-08-28,1845,199957,0,0
2037-08-29,1949,199501,0,0
2037-08-30,1981,199111,0,0
2037-08-31,1981,198773,0,0
2037-09-01,1958,198488,0,0
2037-09-02,1924,198357,0,0
2037-09-03,1887,198225,0,0
2037-09-04,1822,198069,0,0
2037-09-05,1748,197844,0,0
2037-09-06,1679,197531,0,0
2037-09-07,1615,197125,0,0
2037-09-08,1555,196626,0,0
2037-09-09,1498,196037,0,0
2037-09-10,1447,195361,0,0
2037-09-11,1397,194603,0,0
2037-09-12,1351,193765,0,0
2037-09-13,1307,192853,0,0
2037-09-14,1307,191869,0,0
2037-09-15,1490,190842,0,0
2037-09-16,1807,189864,0,0
2037-09-17,2019,189364,0,0
2037-09-18,2103,189114,0,0
2037-09-19,2089,188925,0,0
2037-09-20,2028,188785,0,0
2037-09-21,2412,188719,0,0
2037-09-22,3064,189072,0,0
2037-09-23,3187,190250,0,0
2037-09-24,3370,191577,0,0
2037-09-25,3557,193217,0,0
2037-09-26,3348,195129,0,0
2037-09-27,4019,197016,0,0
2037-09-28,4207,198519,0,0
2037-09-29,3844,200068,0,0
2037-09-30,3378,201424,0,0
2037-10-01,3267,202044,0,0
2037-10-02,3183,202779,0,0
2037-10-03,2917,202828,0,0
2037-10-04,2632,202828,0,0
2037-10-05,2536,202828,0,0
2037-10-06,2425,202828,0,0
2037-10-07,2276,202828,0,0
2037-10-08,2113,202828,0,0
2037-10-09,1956,202828,0,0
2037-10-10,1811,202828,0,0
2037-10-11,1785,202828,0,0
2037-10-12,2215,202828,0,0
2037-10-13,2569,202828,0,0
2037-10-14,2761,202828,0,0
2037-10-15,3119,202828,0,0
2037-10-16,3128,202828,0,0
2037-10-17,3090,202828,0,0
2037-10-18,3344,202828,0,0
2037-10-19,3310,202828,0,0
2037-10-20,3121,202828,0,0
2037-10-21,2866,202828,0,0
2037-10-22,2608,202828,0,0
2037-10-23,2377,202828,0,0
2037-10-24,2174,202828,0,0
2037-10-25,1999,202828,0,0
2037-10-26,1848,202828,0,0
2037-10-27,1717,202828,0,0
2037-10-28,1693,202828,0,0
2037-10-29,1648,202828,0,0
2037-10-30,1606,202698,0,0
2037-10-31,1693,202459,0,0
2037-11-01,2155,202370,0,0
2037-11-02,2482,202629,0,0
2037-11-03,2449,202828,0,0
2037-11-04,2316,202828,0,0
2037-11-05,2159,202828,0,0
2037-11-06,2008,202828,0,0
2037-11-07,1874,202828,0,0
2037-11-08,1755,202828,0,0
2037-11-09,1697,202811,0,0
2037-11-10,1645,202687,0,0
2037-11-11,1597,202458,0,0
2037-11-12,1555,202127,0,0
2037-11-13,1493,201699,0,0
2037-11-14,1433,201157,0,0
2037-11-15,1375,200508,0,0
2037-11-16,1321,199759,0,0
2037-11-17,1272,198918,0,0
2037-11-18,1225,197993,0,0
2037-11-19,1179,196986,0,0
2037-11-20,1137,195903,0,0
2037-11-21,1098,194749,0,0
2037-11-22,1098,193528,0,0
2037-11-23,1147,192313,0,0
2037-11-24,1240,191084,0,0
2037-11-25,1315,189868,0,0
2037-11-26,1567,188836,0,0
2037-11-27,1730,188204,0,0
2037-11-28,1823,187751,0,0
2037-11-29,1823,187347,0,0
2037-11-30,1780,186882,0,0
2037-12-01,1703,186484,0,0
2037-12-02,1583,186008,0,0
2037-12-03,1471,185454,0,0
2037-12-04,1415,184795,0,0
2037-12-05,1415,184077,0,0
2037-12-06,1979,183323,0,0
2037-12-07,2575,183280,0,0
2037-12-08,2692,183940,0,0
2037-12-09,2668,184674,0,0
2037-12-10,2562,185321,0,0
2037-12-11,2513,186034,0,0
2037-12-12,2521,186802,0,0
2037-12-13,2644,187544,0,0
2037-12-14,2644,188413,0,0
2037-12-15,2750,189355,0,0
2037-12-16,2751,190433,0,0
2037-12-17,3548,191567,0,0
2037-12-18,3970,193204,0,0
2037-12-19,3789,194925,0,0
2037-12-20,3487,196510,0,0
2037-12-21,3210,197945,0,0
2037-12-22,2878,198959,0,0
2037-12-23,2596,199473,0,0
2037-12-24,2358,199920,0,0
2037-12-25,2155,200314,0,0
2037-12-26,1980,200667,0,0
2037-12-27,1833,200986,0,0
2037-12-28,1762,201199,0,0
2037-12-29,1701,201235,0,0
2037-12-30,1616,201114,0,0
2037-12-31,1540,200801,0,0
2038-01-01,1540,200103,0,0
2038-01-02,1573,199705,0,0
2038-01-03,1693,199265,0,0
2038-01-04,1799,198904,0,0
2038-01-05,1827,198585,0,0
2038-01-06,1827,198290,0,0
2038-01-07,1797,198036,0,0
2038-01-08,1743,197797,0,0
2038-01-09,1743,197542,0,0
2038-01-10,1879,197361,0,0
2038-01-11,1948,197236,0,0
2038-01-12,1948,197143,0,0
2038-01-13,2363,197081,0,0
2038-01-14,2840,197537,0,0
2038-01-15,2942,198490,0,0
2038-01-16,3827,199499,0,0
2038-01-17,4368,201514,0,0
2038-01-18,4959,202828,0,0
2038-01-19,4715,202828,0,0
2038-01-20,4246,202828,0,0
2038-01-21,3798,202828,0,0
2038-01-22,3413,202828,0,0
2038-01-23,3090,202828,0,0
2038-01-24,2819,202828,0,0
2038-01-25,2589,202828,0,0
2038-01-26,2495,202828,0,0
2038-01-27,3551,202828,0,0
2038-01-28,5665,202828,0,0
2038-01-29,5731,202828,0,0
2038-01-30,5243,202828,0,0
2038-01-31,5816,202828,0,0
2038-02-01,5393,202828,0,0
2038-02-02,8881,202828,0,0
2038-02-03,9624,202828,0,0
2038-02-04,8589,202828,0,0
2038-02-05,7589,202828,0,0
2038-02-06,6765,202828,0,0
2038-02-07,6087,202828,0,0
2038-02-08,7258,202828,0,0
2038-02-09,7564,202828,0,0
2038-02-10,7011,202828,0,0
2038-02-11,6425,202828,0,0
2038-02-12,5921,202828,0,0
2038-02-13,5489,202828,0,0
2038-02-14,5137,202828,0,0
2038-02-15,4823,202828,0,0
2038-02-16,4544,202828,0,0
2038-02-17,4298,202828,0,0
2038-02-18,4079,202828,0,0
2038-02-19,3887,202828,0,0
2038-02-20,3712,202828,0,0
2038-02-21,3552,202828,0,0
2038-02-22,3406,202828,0,0
2038-02-23,3270,202828,0,0
2038-02-24,3145,202828,0,0
2038-02-25,3028,202828,0,0
2038-02-26,3007,202828,0,0
2038-02-27,2961,202828,0,0
2038-02-28,2882,202828,0,0
2038-03-01,2794,202828,0,0
2038-03-02,2698,202828,0,0
2038-03-03,3081,202828,0,0
2038-03-04,3989,202828,0,0
2038-03-05,4245,202828,0,0
2038-03-06,4093,202828,0,0
2038-03-07,3845,202828,0,0
2038-03-08,3599,202828,0,0
2038-03-09,3379,202828,0,0
2038-03-10,3185,202828,0,0
2038-03-11,3012,202828,0,0
2038-03-12,2913,202828,0,0
2038-03-13,2819,202828,0,0
2038-03-14,2710,202828,0,0
2038-03-15,2598,202828,0,0
2038-03-16,2488,202828,0,0
2038-03-17,2632,202828,0,0
2038-03-18,2872,202828,0,0
2038-03-19,2930,202828,0,0
2038-03-20,3233,202828,0,0
2038-03-21,3314,202828,0,0
2038-03-22,3277,202828,0,0
2038-03-23,3138,202828,0,0
2038-03-24,2963,202828,0,0
2038-03-25,2788,202828,0,0
2038-03-26,2626,202828,0,0
2038-03-27,2482,202828,0,0
2038-03-28,2706,202828,0,0
2038-03-29,2834,202828,0,0
2038-03-30,3321,202828,0,0
2038-03-31,3444,202828,0,0
2038-04-01,3775,202828,0,0
2038-04-02,3729,202828,0,0
2038-04-03,3487,202828,0,0
2038-04-04,3213,202828,0,0
2038-04-05,3957,202828,0,0
2038-04-06,4112,202828,0,0
2038-04-07,4239,202828,0,0
2038-04-08,4042,202828,0,0
2038-04-09,3747,202828,0,0
2038-04-10,3444,202828,0,0
2038-04-11,3375,202828,0,0
2038-04-12,3455,202828,0,0
2038-04-13,4046,202828,0,0
2038-04-14,4075,202828,0,0
2038-04-15,4247,202828,0,0
2038-04-16,4073,202828,0,0
2038-04-17,4043,202828,0,0
2038-04-18,3831,202828,0,0
2038-04-19,5114,202828,0,0
2038-04-20,12639,202828,0,0
2038-04-21,11639,202828,0,0
2038-04-22,10299,202828,0,0
2038-04-23,9185,202828,0,0
2038-04-24,8285,202828,0,0
2038-04-25,7533,202828,0,0
2038-04-26,6905,202828,0,0
2038-04-27,6377,202828,0,0
2038-04-28,5929,202828,0,0
2038-04-29,5546,202828,0,0
2038-04-30,5214,202828,0,0
2038-05-01,4924,202828,0,0
2038-05-02,4664,202828,0,0
2038-05-03,4438,202828,0,0
2038-05-04,4233,202828,0,0
2038-05-05,4049,202828,0,0
2038-05-06,4018,202828,0,0
2038-05-07,3919,202828,0,0
2038-05-08,3780,202828,0,0
2038-05-09,3632,202828,0,0
2038-05-10,3490,202828,0,0
2038-05-11,3355,202828,0,0
2038-05-12,3231,202828,0,0
2038-05-13,3112,202828,0,0
2038-05-14,3001,202828,0,0
2038-05-15,2896,202828,0,0
2038-05-16,2797,202828,0,0
2038-05-17,2703,202828,0,0
2038-05-18,2614,202828,0,0
2038-05-19,2527,202828,0,0
2038-05-20,2444,202828,0,0
2038-05-21,2364,202828,0,0
2038-05-22,2288,202828,0,0
2038-05-23,2355,202828,0,0
2038-05-24,2416,202828,0,0
2038-05-25,2419,202828,0,0
2038-05-26,2369,202828,0,0
2038-05-27,2301,202828,0,0
2038-05-28,2221,202828,0,0
2038-05-29,2592,202828,0,0
2038-05-30,2855,202828,0,0
2038-05-31,2863,202828,0,0
2038-06-01,2872,202828,0,0
2038-06-02,3157,202828,0,0
2038-06-03,3302,202828,0,0
2038-06-04,3229,202828,0,0
2038-06-05,3050,202828,0,0
2038-06-06,2854,202828,0,0
2038-06-07,2669,202828,0,0
2038-06-08,2505,202828,0,0
2038-06-09,2360,202828,0,0
2038-06-10,2229,202828,0,0
2038-06-11,2118,202828,0,0
2038-06-12,2225,202828,0,0
2038-06-13,3772,202828,0,0
2038-06-14,4573,202828,0,0
2038-06-15,4490,202828,0,0
2038-06-16,4326,202828,0,0
2038-06-17,4052,202828,0,0
2038-06-18,3775,202828,0,0
2038-06-19,3517,202828,0,0
2038-06-20,3288,202828,0,0
2038-06-21,3087,202828,0,0
2038-06-22,2910,202828,0,0
2038-06-23,2754,202828,0,0
2038-06-24,2615,202828,0,0
2038-06-25,2489,202828,0,0
2038-06-26,2377,202828,0,0
2038-06-27,2273,202828,0,0
2038-06-28,2178,202828,0,0
2038-06-29,2091,202828,0,0
2038-06-30,2010,202828,0,0
2038-07-01,1970,202828,0,0
2038-07-02,1930,202828,0,0
2038-07-03,1895,202719,0,0
2038-07-04,1864,202530,0,0
2038-07-05,1823,202267,0,0
2038-07-06,1766,201925,0,0
2038-07-07,1710,201491,0,0
2038-07-08,1656,200968,0,0
2038-07-09,1608,200359,0,0
2038-07-10,1558,199673,0,0
2038-07-11,1510,198909,0,0
2038-07-12,1467,198070,0,0
2038-07-13,1423,197163,0,0
2038-07-14,1381,196187,0,0
2038-07-15,1340,195147,0,0
2038-07-16,1300,194043,0,0
2038-07-17,1262,192879,0,0
2038-07-18,1226,191658,0,0
2038-07-19,1189,190384,0,0
2038-07-20,1156,189058,0,0
2038-07-21,1123,187683,0,0
2038-07-22,1090,186261,0,0
2038-07-23,1058,184791,0,0
2038-07-24,1028,183276,0,0
2038-07-25,998,181718,0,0
2038-07-26,973,180116,0,0
2038-07-27,946,178576,0,0
2038-07-28,920,176997,0,0
2038-07-29,895,175379,0,0
2038-07-30,872,173724,0,0
2038-07-31,849,172035,0,0
2038-08-01,827,170311,0,0
2038-08-02,809,168546,0,0
2038-08-03,788,166768,0,0
2038-08-04,767,164959,0,0
2038-08-05,746,163120,0,0
2038-08-06,726,161250,0,0
2038-08-07,707,159353,0,0
2038-08-08,696,157428,0,0
2038-08-09,690,155484,0,0
2038-08-10,681,153540,0,0
2038-08-11,664,151596,0,0
2038-08-12,617,149652,0,1
2038-08-13,601,148290,0,1
2038-08-14,951,146904,0,1
2038-08-15,1131,145941,0,1
2038-08-16,1841,145407,0,1
2038-08-17,2159,145868,0,1
2038-08-18,2158,146641,0,0
2038-08-19,2073,146496,0,0
2038-08-20,2015,146283,0,0
2038-08-21,1872,145966,0,0
2038-08-22,1707,145677,0,0
2038-08-23,1556,145321,0,0
2038-08-24,1421,144850,0,0
2038-08-25,1303,144238,0,0
2038-08-26,1199,143478,0,0
2038-08-27,1108,142572,0,0
2038-08-28,1063,141527,0,0
2038-08-29,1063,140418,0,0
2038-08-30,1132,139301,0,0
2038-08-31,1203,138160,0,0
2038-09-01,1241,136990,0,0
2038-09-02,1242,135928,0,1
2038-09-03,1236,135539,0,1
2038-09-04,1119,135157,0,0
2038-09-05,1165,134082,0,1
2038-09-06,1260,133722,0,0
2038-09-07,1285,132732,0,1
2038-09-08,1299,132420,0,0
2038-09-09,1292,131453,0,1
2038-09-10,1265,131189,0,0
2038-09-11,1232,130239,0,1
2038-09-12,1157,129957,0,0
2038-09-13,1090,128919,0,1
2038-09-14,1028,128497,0,0
2038-09-15,972,127316,0,1
2038-09-16,921,126743,0,1
2038-09-17,875,126095,0,1
2038-09-18,834,125377,0,1
2038-09-19,809,124589,0,1
2038-09-20,809,123829,0,1
2038-09-21,839,123063,0,1
2038-09-22,871,122275,0,1
2038-09-23,896,121455,0,1
2038-09-24,908,120608,0,1
2038-09-25,921,119740,0,1
2038-09-26,921,118866,0,1
2038-09-27,892,117989,0,1
2038-09-28,856,117086,0,1
2038-09-29,822,116153,0,1
2038-09-30,788,115189,0,1
2038-10-01,756,114194,0,1
2038-10-02,726,113243,0,1
2038-10-03,697,112259,0,1
2038-10-04,670,111239,0,1
2038-10-05,644,110184,0,1
2038-10-06,620,109093,0,1
2038-10-07,580,107968,0,1
2038-10-08,675,106839,0,2
2038-10-09,729,105871,0,2
2038-10-10,784,104918,0,2
2038-10-11,858,104048,0,2
2038-10-12,902,103262,0,2
2038-10-13,963,102558,0,2
2038-10-14,1161,101961,0,2
2038-10-15,1383,101744,0,2
2038-10-16,3498,101880,0,2
2038-10-17,4409,104518,0,1
2038-10-18,4055,107370,0,1
2038-10-19,3473,110073,0,1
2038-10-20,4003,112441,0,1
2038-10-21,4459,115146,0,0
2038-10-22,4259,117510,0,0
2038-10-23,3746,119846,0,0
2038-10-24,3216,122059,0,0
2038-10-25,3546,124155,0,0
2038-10-26,3523,126370,0,0
2038-10-27,3185,128572,0,0
2038-10-28,4048,130624,0,0
2038-10-29,4046,132967,0,0
2038-10-30,5078,135245,0,0
2038-10-31,6390,137721,0,0
2038-11-01,5733,140445,0,0
2038-11-02,5599,142942,0,0
2038-11-03,4908,145497,0,0
2038-11-04,4202,147880,0,0
2038-11-05,3946,150100,0,0
2038-11-06,4023,152358,0,0
2038-11-07,3763,154798,0,0
2038-11-08,3449,157123,0,0
2038-11-09,3130,159348,0,0
2038-11-10,2914,161461,0,0
2038-11-11,2779,163348,0,0
2038-11-12,2614,165033,0,0
2038-11-13,2410,166525,0,0
2038-11-14,2234,167715,0,0
2038-11-15,2083,168594,0,0
2038-11-16,1952,169199,0,0
2038-11-17,1837,169565,0,0
2038-11-18,1737,169717,0,0
2038-11-19,1737,169683,0,0
2038-11-20,1823,169596,0,0
2038-11-21,1871,169475,0,0
2038-11-22,1871,169325,0,0
2038-11-23,3572,169154,0,0
2038-11-24,4449,170279,0,0
2038-11-25,5049,171779,0,0
2038-11-26,4683,172954,0,0
2038-11-27,4389,173975,0,0
2038-11-28,5018,174949,0,0
2038-11-29,4911,176115,0,0
2038-11-30,5536,177223,0,0
2038-12-01,5413,178580,0,0
2038-12-02,4881,179800,0,0
2038-12-03,6806,180813,0,0
2038-12-04,7761,182210,0,0
2038-12-05,10130,183617,0,0
2038-12-06,12575,185024,0,0
2038-12-07,11045,186431,0,0
2038-12-08,13792,187838,0,0
2038-12-09,12228,189245,0,0
2038-12-10,11011,190652,0,0
2038-12-11,9844,192059,0,0
2038-12-12,8886,193466,0,0
2038-12-13,8091,194873,0,0
2038-12-14,7438,196280,0,0
2038-12-15,6883,197560,0,0
2038-12-16,6412,198695,0,0
2038-12-17,6431,199712,0,0
2038-12-18,6135,200823,0,0
2038-12-19,5783,201839,0,0
2038-12-20,5454,202746,0,0
2038-12-21,9023,202828,0,0
2038-12-22,8713,202828,0,0
2038-12-23,7972,202828,0,0
2038-12-24,7304,202828,0,0
2038-12-25,6741,202828,0,0
2038-12-26,7965,202828,0,0
2038-12-27,10046,202828,0,0
2038-12-28,9574,202828,0,0
2038-12-29,8684,202828,0,0
2038-12-30,8759,202828,0,0
2038-12-31,8701,202828,0,0
2039-01-01,11850,202828,0,0
2039-01-02,10823,202828,0,0
2039-01-03,10366,202828,0,0
2039-01-04,10838,202828,0,0
2039-01-05,9959,202828,0,0
2039-01-06,9130,202828,0,0
2039-01-07,10346,202828,0,0
2039-01-08,9830,202828,0,0
2039-01-09,13448,202828,0,0
2039-01-10,12317,202828,0,0
2039-01-11,11463,202828,0,0
2039-01-12,10719,202828,0,0
2039-01-13,9873,202828,0,0
2039-01-14,10415,202828,0,0
2039-01-15,9734,202828,0,0
2039-01-16,11703,202828,0,0
2039-01-17,10901,202828,0,0
2039-01-18,10063,202828,0,0
2039-01-19,12264,202828,0,0
2039-01-20,11359,202828,0,0
2039-01-21,14753,202828,0,0
2039-01-22,13501,202828,0,0
2039-01-23,12732,202828,0,0
2039-01-24,11713,202828,0,0
2039-01-25,11575,202828,0,0
2039-01-26,12031,202828,0,0
2039-01-27,13888,202828,0,0
2039-01-28,13484,202828,0,0
2039-01-29,12474,202828,0,0
2039-01-30,12379,202828,0,0
2039-01-31,12184,202828,0,0
2039-02-01,13174,202828,0,0
2039-02-02,12330,202828,0,0
2039-02-03,14385,202828,0,0
2039-02-04,13514,202828,0,0
2039-02-05,14583,202828,0,0
2039-02-06,14059,202828,0,0
2039-02-07,16648,202828,0,0
2039-02-08,15389,202828,0,0
2039-02-09,14249,202828,0,0
2039-02-10,13281,202828,0,0
2039-02-11,13694,202828,0,0
2039-02-12,14739,202828,0,0
2039-02-13,13791,202828,0,0
2039-02-14,13307,202828,0,0
2039-02-15,12581,202828,0,0
2039-02-16,20631,202828,0,0
2039-02-17,18853,202828,0,0
2039-02-18,20199,202828,0,0
2039-02-19,19000,202828,0,0
2039-02-20,17506,202828,0,0
2039-02-21,16252,202828,0,0
2039-02-22,15181,202828,0,0
2039-02-23,14258,202828,0,0
2039-02-24,13461,202828,0,0
2039-02-25,12754,202828,0,0
2039-02-26,12139,202828,0,0
2039-02-27,11725,202828,0,0
2039-02-28,11215,202828,0,0
2039-03-01,10740,202828,0,0
2039-03-02,10299,202828,0,0
2039-03-03,9920,202828,0,0
2039-03-04,9548,202828,0,0
2039-03-05,9212,202828,0,0
2039-03-06,10454,202828,0,0
2039-03-07,10412,202828,0,0
2039-03-08,11706,202828,0,0
2039-03-09,11147,202828,0,0
2039-03-10,10533,202828,0,0
2039-03-11,13028,202828,0,0
2039-03-12,12313,202828,0,0
2039-03-13,15162,202828,0,0
2039-03-14,16130,202828,0,0
2039-03-15,16846,202828,0,0
2039-03-16,16391,202828,0,0
2039-03-17,15165,202828,0,0
2039-03-18,14101,202828,0,0
2039-03-19,13194,202828,0,0
2039-03-20,12416,202828,0,0
2039-03-21,11733,202828,0,0
2039-03-22,12104,202828,0,0
2039-03-23,11527,202828,0,0
2039-03-24,11500,202828,0,0
2039-03-25,10938,202828,0,0
2039-03-26,10403,202828,0,0
2039-03-27,9920,202828,0,0
2039-03-28,9487,202828,0,0
2039-03-29,9090,202828,0,0
2039-03-30,8727,202828,0,0
2039-03-31,8396,202828,0,0
2039-04-01,8084,202828,0,0
2039-04-02,7793,202828,0,0
2039-04-03,7517,202828,0,0
2039-04-04,7259,202828,0,0
2039-04-05,7011,202828,0,0
2039-04-06,6778,202828,0,0
2039-04-07,6553,202828,0,0
2039-04-08,6338,202828,0,0
2039-04-09,6133,202828,0,0
2039-04-10,5935,202828,0,0
2039-04-11,5747,202828,0,0
2039-04-12,5563,202828,0,0
2039-04-13,5387,202828,0,0
2039-04-14,6128,202828,0,0
2039-04-15,6119,202828,0,0
2039-04-16,5887,202828,0,0
2039-04-17,5630,202828,0,0
2039-04-18,5389,202828,0,0
2039-04-19,5169,202828,0,0
2039-04-20,4964,202828,0,0
2039-04-21,4776,202828,0,0
2039-04-22,4601,202828,0,0
2039-04-23,4436,202828,0,0
2039-04-24,4280,202828,0,0
2039-04-25,4133,202828,0,0
2039-04-26,3994,202828,0,0
2039-04-27,3877,202828,0,0
2039-04-28,3766,202828,0,0
2039-04-29,3648,202828,0,0
2039-04-30,3527,202828,0,0
2039-05-01,3427,202828,0,0
2039-05-02,3319,202828,0,0
2039-05-03,3213,202828,0,0
2039-05-04,3106,202828,0,0
2039-05-05,3004,202828,0,0
2039-05-06,2904,202828,0,0
2039-05-07,2810,202828,0,0
2039-05-08,2719,202828,0,0
2039-05-09,2676,202828,0,0
2039-05-10,2742,202828,0,0
2039-05-11,2763,202828,0,0
2039-05-12,2719,202828,0,0
2039-05-13,2637,202828,0,0
2039-05-14,2542,202828,0,0
2039-05-15,2542,202828,0,0
2039-05-16,2601,202828,0,0
2039-05-17,3025,202828,0,0
2039-05-18,3713,202828,0,0
2039-05-19,3867,202828,0,0
2039-05-20,4737,202828,0,0
2039-05-21,4820,202828,0,0
2039-05-22,4527,202828,0,0
2039-05-23,4181,202828,0,0
2039-05-24,3866,202828,0,0
2039-05-25,3594,202828,0,0
2039-05-26,3356,202828,0,0
2039-05-27,3151,202828,0,0
2039-05-28,2971,202828,0,0
2039-05-29,2813,202828,0,0
2039-05-30,2674,202828,0,0
2039-05-31,2547,202828,0,0
2039-06-01,2433,202828,0,0
2039-06-02,2319,202828,0,0
2039-06-03,2223,202828,0,0
2039-06-04,2135,202828,0,0
2039-06-05,2054,202828,0,0
2039-06-06,1977,202828,0,0
2039-06-07,1934,202828,0,0
2039-06-08,1899,202828,0,0
2039-06-09,1865,202750,0,0
2039-06-10,1843,202598,0,0
2039-06-11,1841,202391,0,0
2039-06-12,1841,202142,0,0
2039-06-13,2124,201819,0,0
2039-06-14,2358,201701,0,0
2039-06-15,2518,201848,0,0
2039-06-16,2453,202231,0,0
2039-06-17,2240,202697,0,0
2039-06-18,2362,202828,0,0
2039-06-19,2520,202828,0,0
2039-06-20,2560,202828,0,0
2039-06-21,3281,202828,0,0
2039-06-22,3650,202828,0,0
2039-06-23,3542,202828,0,0
2039-06-24,3269,202828,0,0
2039-06-25,2986,202828,0,0
2039-06-26,2732,202828,0,0
2039-06-27,2511,202828,0,0
2039-06-28,2319,202828,0,0
2039-06-29,2155,202828,0,0
2039-06-30,2011,202828,0,0
2039-07-01,1886,202828,0,0
2039-07-02,1820,202828,0,0
2039-07-03,1766,202748,0,0
2039-07-04,1724,202540,0,0
2039-07-05,1705,202225,0,0
2039-07-06,1685,201826,0,0
2039-07-07,1649,201353,0,0
2039-07-08,1620,200799,0,0
2039-07-09,1597,200191,0,0
2039-07-10,1597,199520,0,0
2039-07-11,1604,198828,0,0
2039-07-12,1604,198107,0,0
2039-07-13,1653,197358,0,0
2039-07-14,1903,196604,0,0
2039-07-15,2225,196175,0,0
2039-07-16,2953,196180,0,0
2039-07-17,3628,197202,0,0
2039-07-18,4479,199059,0,0
2039-07-19,4557,200591,0,0
2039-07-20,4614,201666,0,0
2039-07-21,4196,202581,0,0
2039-07-22,3696,202828,0,0
2039-07-23,3303,202828,0,0
2039-07-24,3010,202828,0,0
2039-07-25,2694,202828,0,0
2039-07-26,2429,202828,0,0
2039-07-27,2207,202828,0,0
2039-07-28,2033,202828,0,0
2039-07-29,1928,202828,0,0
2039-07-30,2740,202828,0,0
2039-07-31,3423,202828,0,0
2039-08-01,3433,202828,0,0
2039-08-02,3194,202828,0,0
2039-08-03,2881,202828,0,0
2039-08-04,2596,202828,0,0
2039-08-05,2349,202828,0,0
2039-08-06,2223,202828,0,0
2039-08-07,2114,202828,0,0
2039-08-08,1996,202828,0,0
2039-08-09,1874,202828,0,0
2039-08-10,1783,202828,0,0
2039-08-11,1762,202724,0,0
2039-08-12,1768,202543,0,0
2039-08-13,2089,202277,0,0
2039-08-14,2724,202282,0,0
2039-08-15,2991,202828,0,0
2039-08-16,2926,202828,0,0
2039-08-17,2731,202828,0,0
2039-08-18,2519,202828,0,0
2039-08-19,2320,202828,0,0
2039-08-20,2143,202828,0,0
2039-08-21,1989,202828,0,0
2039-08-22,1862,202828,0,0
2039-08-23,1777,202828,0,0
2039-08-24,1725,202727,0,0
2039-08-25,1678,202498,0,0
2039-08-26,1620,202154,0,0
2039-08-27,1546,201688,0,0
2039-08-28,1477,201091,0,0
2039-08-29,1413,200371,0,0
2039-08-30,1356,199539,0,0
2039-08-31,1302,198605,0,0
2039-09-01,1254,197577,0,0
2039-09-02,1208,196590,0,0
2039-09-03,1164,195522,0,0
2039-09-04,1125,194377,0,0
2039-09-05,1190,193164,0,0
2039-09-06,1421,192033,0,0
2039-09-07,1740,191108,0,0
2039-09-08,1847,190530,0,0
2039-09-09,1870,190031,0,0
2039-09-10,1834,189508,0,0
2039-09-11,1757,189030,0,0
2039-09-12,1727,188590,0,0
2039-09-13,1740,188251,0,0
2039-09-14,1763,187931,0,0
2039-09-15,1713,187610,0,0
2039-09-16,1638,187225,0,0
2039-09-17,1551,186761,0,0
2039-09-18,1465,186203,0,0
2039-09-19,1383,185546,0,0
2039-09-20,1305,184789,0,0
2039-09-21,1234,183929,0,0
2039-09-22,1172,182968,0,0
2039-09-23,1115,181911,0,0
2039-09-24,1079,180763,0,0
2039-09-25,1079,179555,0,0
2039-09-26,1509,178338,0,0
2039-09-27,2082,177728,0,0
2039-09-28,2304,177799,0,0
2039-09-29,2304,178056,0,0
2039-09-30,2240,178231,0,0
2039-10-01,2085,178306,0,0
2039-10-02,1898,178493,0,0
2039-10-03,1732,178580,0,0
2039-10-04,1597,178522,0,0
2039-10-05,1528,178312,0,0
2039-10-06,1528,178000,0,0
2039-10-07,1586,177687,0,0
2039-10-08,1613,177344,0,0
2039-10-09,1627,176947,0,0
2039-10-10,1561,176520,0,0
2039-10-11,1479,176013,0,0
2039-10-12,1393,175418,0,0
2039-10-13,1312,174731,0,0
2039-10-14,1236,173950,0,0
2039-10-15,1182,173074,0,0
2039-10-16,1150,172126,0,0
2039-10-17,1180,171123,0,0
2039-10-18,1357,170139,0,0
2039-10-19,1713,169365,0,0
2039-10-20,1897,169076,0,0
2039-10-21,1951,168977,0,0
2039-10-22,1932,168871,0,0
2039-10-23,1872,168669,0,0
2039-10-24,1747,168510,0,0
2039-10-25,2312,168306,0,0
2039-10-26,3316,168782,0,0
2039-10-27,3620,170502,0,0
2039-10-28,3428,172541,0,0
2039-10-29,2995,174395,0,0
2039-10-30,3389,176171,0,0
2039-10-31,3395,178245,0,0
2039-11-01,3095,180314,0,0
2039-11-02,2914,182207,0,0
2039-11-03,2706,183925,0,0
2039-11-04,2423,185460,0,0
2039-11-05,2181,186674,0,0
2039-11-06,2181,187545,0,0
2039-11-07,2337,188340,0,0
2039-11-08,2342,189110,0,0
2039-11-09,2321,189810,0,0
2039-11-10,2188,190489,0,0
2039-11-11,2015,191039,0,0
2039-11-12,1858,191398,0,0
2039-11-13,1718,191558,0,0
2039-11-14,1596,191521,0,0
2039-11-15,1508,191296,0,0
2039-11-16,1433,190933,0,0
2039-11-17,1368,190429,0,0
2039-11-18,1934,189794,0,0
2039-11-19,2881,189751,0,0
2039-11-20,3281,190662,0,0
2039-11-21,3181,192111,0,0
2039-11-22,2861,193357,0,0
2039-11-23,2261,194571,0,0
2039-11-24,2000,195119,0,0
2039-11-25,2267,195527,0,0
2039-11-26,2457,196123,0,0
2039-11-27,2406,196731,0,0
2039-11-28,2224,197284,0,0
2039-11-29,2012,197775,0,0
2039-11-30,1913,198212,0,0
2039-12-01,1819,198549,0,0
2039-12-02,1725,198662,0,0
2039-12-03,2123,198624,0,0
2039-12-04,2744,198794,0,0
2039-12-05,2823,199607,0,0
2039-12-06,2613,200309,0,0
2039-12-07,2393,200776,0,0
2039-12-08,2373,201206,0,0
2039-12-09,2405,201685,0,0
2039-12-10,2442,202201,0,0
2039-12-11,2410,202759,0,0
2039-12-12,2286,202828,0,0
2039-12-13,2116,202828,0,0
2039-12-14,2017,202828,0,0
2039-12-15,1931,202828,0,0
2039-12-16,1875,202828,0,0
2039-12-17,1798,202828,0,0
2039-12-18,1767,202828,0,0
2039-12-19,1722,202812,0,0
2039-12-20,1672,202698,0,0
2039-12-21,1620,202482,0,0
2039-12-22,1570,202164,0,0
2039-12-23,1513,201743,0,0
2039-12-24,1438,201212,0,0
2039-12-25,1372,200556,0,0
2039-12-26,1312,199785,0,0
2039-12-27,1276,198907,0,0
2039-12-28,1255,197969,0,0
2039-12-29,1231,196967,0,0
2039-12-30,1224,195896,0,0
2039-12-31,1232,194784,0,0
2040-01-01,1235,193403,0,0
2040-01-02,1248,192349,0,0
2040-01-03,1252,191276,0,0
2040-01-04,1252,190182,0,0
2040-01-05,1232,189074,0,0
2040-01-06,1256,187942,0,0
2040-01-07,1334,186864,0,0
2040-01-08,1473,185816,0,0
2040-01-09,2590,185081,0,0
2040-01-10,3245,185953,0,0
2040-01-11,3245,187563,0,0
2040-01-12,3137,189084,0,0
2040-01-13,2947,190429,0,0
2040-01-14,3074,191876,0,0
2040-01-15,3159,193471,0,0
2040-01-16,3549,195207,0,0
2040-01-17,3517,197436,0,0
2040-01-18,3234,199656,0,0
2040-01-19,2905,201735,0,0
2040-01-20,2609,202828,0,0
2040-01-21,2350,202828,0,0
2040-01-22,2127,202828,0,0
2040-01-23,1944,202828,0,0
2040-01-24,1824,202828,0,0
2040-01-25,2831,202828,0,0
2040-01-26,4263,202828,0,0
2040-01-27,4351,202828,0,0
2040-01-28,5453,202828,0,0
2040-01-29,6755,202828,0,0
2040-01-30,7440,202828,0,0
2040-01-31,8257,202828,0,0
2040-02-01,9408,202828,0,0
2040-02-02,8393,202828,0,0
2040-02-03,7359,202828,0,0
2040-02-04,6505,202828,0,0
2040-02-05,6448,202828,0,0
2040-02-06,7631,202828,0,0
2040-02-07,8040,202828,0,0
2040-02-08,14168,202828,0,0
2040-02-09,12762,202828,0,0
2040-02-10,14031,202828,0,0
2040-02-11,13800,202828,0,0
2040-02-12,12408,202828,0,0
2040-02-13,11233,202828,0,0
2040-02-14,10265,202828,0,0
2040-02-15,9461,202828,0,0
2040-02-16,8762,202828,0,0
2040-02-17,8176,202828,0,0
2040-02-18,7669,202828,0,0
2040-02-19,9970,202828,0,0
2040-02-20,9513,202828,0,0
2040-02-21,8857,202828,0,0
2040-02-22,8280,202828,0,0
2040-02-23,7835,202828,0,0
2040-02-24,7406,202828,0,0
2040-02-25,7026,202828,0,0
2040-02-26,6680,202828,0,0
2040-02-27,6666,202828,0,0
2040-02-28,6416,202828,0,0
2040-02-29,6731,202828,0,0
2040-03-01,7210,202828,0,0
2040-03-02,6963,202828,0,0
2040-03-03,6894,202828,0,0
2040-03-04,7490,202828,0,0
2040-03-05,7216,202828,0,0
2040-03-06,6835,202828,0,0
2040-03-07,6664,202828,0,0
2040-03-08,6694,202828,0,0
2040-03-09,6437,202828,0,0
2040-03-10,6122,202828,0,0
2040-03-11,5825,202828,0,0
2040-03-12,5576,202828,0,0
2040-03-13,5342,202828,0,0
2040-03-14,5119,202828,0,0
2040-03-15,4924,202828,0,0
2040-03-16,4737,202828,0,0
2040-03-17,4560,202828,0,0
2040-03-18,4390,202828,0,0
2040-03-19,4245,202828,0,0
2040-03-20,4099,202828,0,0
2040-03-21,4436,202828,0,0
2040-03-22,4454,202828,0,0
2040-03-23,4497,202828,0,0
2040-03-24,5148,202828,0,0
2040-03-25,10843,202828,0,0
2040-03-26,10301,202828,0,0
2040-03-27,9262,202828,0,0
2040-03-28,8391,202828,0,0
2040-03-29,7671,202828,0,0
2040-03-30,7063,202828,0,0
2040-03-31,6707,202828,0,0
2040-04-01,8932,202828,0,0
2040-04-02,8554,202828,0,0
2040-04-03,7909,202828,0,0
2040-04-04,7335,202828,0,0
2040-04-05,6845,202828,0,0
2040-04-06,6423,202828,0,0
2040-04-07,6056,202828,0,0
2040-04-08,5735,202828,0,0
2040-04-09,5450,202828,0,0
2040-04-10,5195,202828,0,0
2040-04-11,4966,202828,0,0
2040-04-12,4757,202828,0,0
2040-04-13,4566,202828,0,0
2040-04-14,4394,202828,0,0
2040-04-15,4246,202828,0,0
2040-04-16,4157,202828,0,0
2040-04-17,4038,202828,0,0
2040-04-18,3898,202828,0,0
2040-04-19,3758,202828,0,0
2040-04-20,3951,202828,0,0
2040-04-21,3969,202828,0,0
2040-04-22,3862,202828,0,0
2040-04-23,3714,202828,0,0
2040-04-24,3564,202828,0,0
2040-04-25,3419,202828,0,0
2040-04-26,3420,202828,0,0
2040-04-27,3372,202828,0,0
2040-04-28,3353,202828,0,0
2040-04-29,3422,202828,0,0
2040-04-30,3385,202828,0,0
2040-05-01,3419,202828,0,0
2040-05-02,11374,202828,0,0
2040-05-03,11650,202828,0,0
2040-05-04,10149,202828,0,0
2040-05-05,8836,202828,0,0
2040-05-06,7994,202828,0,0
2040-05-07,7297,202828,0,0
2040-05-08,7171,202828,0,0
2040-05-09,6594,202828,0,0
2040-05-10,6031,202828,0,0
2040-05-11,5541,202828,0,0
2040-05-12,5127,202828,0,0
2040-05-13,4774,202828,0,0
2040-05-14,4656,202828,0,0
2040-05-15,4448,202828,0,0
2040-05-16,4212,202828,0,0
2040-05-17,3989,202828,0,0
2040-05-18,3789,202828,0,0
2040-05-19,3962,202828,0,0
2040-05-20,3939,202828,0,0
2040-05-21,5093,202828,0,0
2040-05-22,5585,202828,0,0
2040-05-23,8705,202828,0,0
2040-05-24,8405,202828,0,0
2040-05-25,7511,202828,0,0
2040-05-26,7642,202828,0,0
2040-05-27,7006,202828,0,0
2040-05-28,6336,202828,0,0
2040-05-29,5763,202828,0,0
2040-05-30,5283,202828,0,0
2040-05-31,4884,202828,0,0
2040-06-01,4689,202828,0,0
2040-06-02,4619,202828,0,0
2040-06-03,4734,202828,0,0
2040-06-04,4999,202828,0,0
2040-06-05,4842,202828,0,0
2040-06-06,4552,202828,0,0
2040-06-07,4972,202828,0,0
2040-06-08,5132,202828,0,0
2040-06-09,4922,202828,0,0
2040-06-10,4631,202828,0,0
2040-06-11,4354,202828,0,0
2040-06-12,4104,202828,0,0
2040-06-13,3890,202828,0,0
2040-06-14,3696,202828,0,0
2040-06-15,3685,202828,0,0
2040-06-16,3917,202828,0,0
2040-06-17,4369,202828,0,0
2040-06-18,4352,202828,0,0
2040-06-19,4128,202828,0,0
2040-06-20,3960,202828,0,0
2040-06-21,3827,202828,0,0
2040-06-22,3733,202828,0,0
2040-06-23,3691,202828,0,0
2040-06-24,6860,202828,0,0
2040-06-25,10251,202828,0,0
2040-06-26,9250,202828,0,0
2040-06-27,8400,202828,0,0
2040-06-28,7413,202828,0,0
2040-06-29,6578,202828,0,0
2040-06-30,5896,202828,0,0
2040-07-01,5320,202828,0,0
2040-07-02,4853,202828,0,0
2040-07-03,4462,202828,0,0
2040-07-04,4143,202828,0,0
2040-07-05,3863,202828,0,0
2040-07-06,3620,202828,0,0
2040-07-07,3407,202828,0,0
2040-07-08,3220,202828,0,0
2040-07-09,3055,202828,0,0
2040-07-10,2934,202828,0,0
2040-07-11,2825,202828,0,0
2040-07-12,3624,202828,0,0
2040-07-13,6018,202828,0,0
2040-07-14,6178,202828,0,0
2040-07-15,5586,202828,0,0
2040-07-16,6810,202828,0,0
2040-07-17,12637,202828,0,0
2040-07-18,11084,202828,0,0
2040-07-19,9399,202828,0,0
2040-07-20,14200,202828,0,0
2040-07-21,12328,202828,0,0
2040-07-22,10592,202828,0,0
2040-07-23,9494,202828,0,0
2040-07-24,8381,202828,0,0
2040-07-25,8445,202828,0,0
2040-07-26,8636,202828,0,0
2040-07-27,8385,202828,0,0
2040-07-28,8083,202828,0,0
2040-07-29,7424,202828,0,0
2040-07-30,7216,202828,0,0
2040-07-31,7760,202828,0,0
2040-08-01,7690,202828,0,0
2040-08-02,7147,202828,0,0
2040-08-03,6623,202828,0,0
2040-08-04,6471,202828,0,0
2040-08-05,6112,202828,0,0
2040-08-06,5745,202828,0,0
2040-08-07,5427,202828,0,0
2040-08-08,5303,202828,0,0
2040-08-09,5516,202828,0,0
2040-08-10,21201,202828,0,0
2040-08-11,18412,202828,0,0
2040-08-12,20183,202828,0,0
2040-08-13,17911,202828,0,0
2040-08-14,15812,202828,0,0
2040-08-15,14101,202828,0,0
2040-08-16,12710,202828,0,0
2040-08-17,11915,202828,0,0
2040-08-18,10938,202828,0,0
2040-08-19,10109,202828,0,0
2040-08-20,9402,202828,0,0
2040-08-21,8796,202828,0,0
2040-08-22,8274,202828,0,0
2040-08-23,7820,202828,0,0
2040-08-24,7421,202828,0,0
2040-08-25,7295,202828,0,0
2040-08-26,6991,202828,0,0
2040-08-27,6679,202828,0,0
2040-08-28,6390,202828,0,0
2040-08-29,6125,202828,0,0
2040-08-30,5884,202828,0,0
2040-08-31,5662,202828,0,0
2040-09-01,5453,202828,0,0
2040-09-02,5257,202828,0,0
2040-09-03,5072,202828,0,0
2040-09-04,4901,202828,0,0
2040-09-05,4736,202828,0,0
2040-09-06,4682,202828,0,0
2040-09-07,4783,202828,0,0
2040-09-08,4703,202828,0,0
2040-09-09,4807,202828,0,0
2040-09-10,4718,202828,0,0
2040-09-11,4784,202828,0,0
2040-09-12,4672,202828,0,0
2040-09-13,9809,202828,0,0
2040-09-14,9413,202828,0,0
2040-09-15,8345,202828,0,0
2040-09-16,7432,202828,0,0
2040-09-17,7041,202828,0,0
2040-09-18,6455,202828,0,0
2040-09-19,5913,202828,0,0
2040-09-20,5774,202828,0,0
2040-09-21,5436,202828,0,0
2040-09-22,5095,202828,0,0
2040-09-23,9973,202828,0,0
2040-09-24,9363,202828,0,0
2040-09-25,8271,202828,0,0
2040-09-26,7349,202828,0,0
2040-09-27,8867,202828,0,0
2040-09-28,8272,202828,0,0
2040-09-29,7509,202828,0,0
2040-09-30,6848,202828,0,0
2040-10-01,7462,202828,0,0
2040-10-02,7083,202828,0,0
2040-10-03,6571,202828,0,0
2040-10-04,6106,202828,0,0
2040-10-05,5705,202828,0,0
2040-10-06,5360,202828,0,0
2040-10-07,5058,202828,0,0
2040-10-08,4793,202828,0,0
2040-10-09,4558,202828,0,0
2040-10-10,4347,202828,0,0
2040-10-11,4155,202828,0,0
2040-10-12,3985,202828,0,0
2040-10-13,3880,202828,0,0
2040-10-14,3759,202828,0,0
2040-10-15,3626,202828,0,0
2040-10-16,3496,202828,0,0
2040-10-17,3369,202828,0,0
2040-10-18,3249,202828,0,0
2040-10-19,3134,202828,0,0
2040-10-20,3024,202828,0,0
2040-10-21,2923,202828,0,0
2040-10-22,2830,202828,0,0
2040-10-23,2738,202828,0,0
2040-10-24,2648,202828,0,0
2040-10-25,2596,202828,0,0
2040-10-26,3950,202828,0,0
2040-10-27,4529,202828,0,0
2040-10-28,4360,202828,0,0
2040-10-29,4019,202828,0,0
2040-10-30,3687,202828,0,0
2040-10-31,3405,202828,0,0
2040-11-01,3166,202828,0,0
2040-11-02,3249,202828,0,0
2040-11-03,3226,202828,0,0
2040-11-04,3092,202828,0,0
2040-11-05,2919,202828,0,0
2040-11-06,2972,202828,0,0
2040-11-07,3050,202828,0,0
2040-11-08,2994,202828,0,0
2040-11-09,2958,202828,0,0
2040-11-10,3031,202828,0,0
2040-11-11,2985,202828,0,0
2040-11-12,3740,202828,0,0
2040-11-13,4551,202828,0,0
2040-11-14,4473,202828,0,0
2040-11-15,4096,202828,0,0
2040-11-16,3734,202828,0,0
2040-11-17,3428,202828,0,0
2040-11-18,3185,202828,0,0
2040-11-19,3605,202828,0,0
2040-11-20,4034,202828,0,0
2040-11-21,3940,202828,0,0
2040-11-22,3641,202828,0,0
2040-11-23,3324,202828,0,0
2040-11-24,3490,202828,0,0
2040-11-25,3447,202828,0,0
2040-11-26,3245,202828,0,0
2040-11-27,3004,202828,0,0
2040-11-28,3314,202828,0,0
2040-11-29,3384,202828,0,0
2040-11-30,3231,202828,0,0
2040-12-01,3012,202828,0,0
2040-12-02,3708,202828,0,0
2040-12-03,4408,202828,0,0
2040-12-04,4360,202828,0,0
2040-12-05,4041,202828,0,0
2040-12-06,3700,202828,0,0
2040-12-07,3394,202828,0,0
2040-12-08,3135,202828,0,0
2040-12-09,2914,202828,0,0
2040-12-10,2720,202828,0,0
2040-12-11,2551,202828,0,0
2040-12-12,2404,202828,0,0
2040-12-13,2272,202828,0,0
2040-12-14,2155,202828,0,0
2040-12-15,2050,202828,0,0
2040-12-16,1955,202828,0,0
2040-12-17,1871,202828,0,0
2040-12-18,1829,202815,0,0
2040-12-19,1790,202701,0,0
2040-12-20,1753,202494,0,0
2040-12-21,1712,202201,0,0
2040-12-22,1653,201821,0,0
2040-12-23,1648,201341,0,0
2040-12-24,1664,200818,0,0
2040-12-25,1961,200259,0,0
2040-12-26,2796,199911,0,0
2040-12-27,3107,200606,0,0
2040-12-28,3066,201784,0,0
2040-12-29,2979,202456,0,0
2040-12-30,2760,202828,0,0
2041-01-01,2517,202828,0,0
2041-01-02,2647,202828,0,0
2041-01-03,2934,202828,0,0
2041-01-04,8393,202828,0,0
2041-01-05,8186,202828,0,0
2041-01-06,6999,202828,0,0
2041-01-07,7616,202828,0,0
2041-01-08,11634,202828,0,0
2041-01-09,10330,202828,0,0
2041-01-10,8966,202828,0,0
2041-01-11,7853,202828,0,0
2041-01-12,7168,202828,0,0
2041-01-13,6536,202828,0,0
2041-01-14,5916,202828,0,0
2041-01-15,5384,202828,0,0
2041-01-16,4938,202828,0,0
2041-01-17,4950,202828,0,0
2041-01-18,4730,202828,0,0
2041-01-19,4447,202828,0,0
2041-01-20,5823,202828,0,0
2041-01-21,5862,202828,0,0
2041-01-22,5468,202828,0,0
2041-01-23,7850,202828,0,0
2041-01-24,7621,202828,0,0
2041-01-25,6975,202828,0,0
2041-01-26,6387,202828,0,0
2041-01-27,5889,202828,0,0
2041-01-28,5466,202828,0,0
2041-01-29,5423,202828,0,0
2041-01-30,5188,202828,0,0
2041-01-31,5182,202828,0,0
2041-02-01,10807,202828,0,0
2041-02-02,10334,202828,0,0
2041-02-03,10549,202828,0,0
2041-02-04,9660,202828,0,0
2041-02-05,8831,202828,0,0
2041-02-06,8135,202828,0,0
2041-02-07,7582,202828,0,0
2041-02-08,7081,202828,0,0
2041-02-09,6647,202828,0,0
2041-02-10,6341,202828,0,0
2041-02-11,6019,202828,0,0
2041-02-12,5780,202828,0,0
2041-02-13,5516,202828,0,0
2041-02-14,5263,202828,0,0
2041-02-15,5032,202828,0,0
2041-02-16,4821,202828,0,0
2041-02-17,4627,202828,0,0
2041-02-18,4447,202828,0,0
2041-02-19,4281,202828,0,0
2041-02-20,4124,202828,0,0
2041-02-21,3977,202828,0,0
2041-02-22,3839,202828,0,0
2041-02-23,3708,202828,0,0
2041-02-24,3592,202828,0,0
2041-02-25,3475,202828,0,0
2041-02-26,3361,202828,0,0
2041-02-27,3251,202828,0,0
2041-02-28,3146,202828,0,0
2041-03-01,3043,202828,0,0
2041-03-02,2945,202828,0,0
2041-03-03,2965,202828,0,0
2041-03-04,4070,202828,0,0
2041-03-05,4534,202828,0,0
2041-03-06,4441,202828,0,0
2041-03-07,4204,202828,0,0
2041-03-08,3960,202828,0,0
2041-03-09,3737,202828,0,0
2041-03-10,3538,202828,0,0
2041-03-11,3361,202828,0,0
2041-03-12,3203,202828,0,0
2041-03-13,3059,202828,0,0
2041-03-14,2929,202828,0,0
2041-03-15,2810,202828,0,0
2041-03-16,2699,202828,0,0
2041-03-17,2602,202828,0,0
2041-03-18,2509,202828,0,0
2041-03-19,2422,202828,0,0
2041-03-20,2337,202828,0,0
2041-03-21,2263,202828,0,0
2041-03-22,2189,202828,0,0
2041-03-23,2287,202828,0,0
2041-03-24,2445,202828,0,0
2041-03-25,2631,202828,0,0
2041-03-26,2699,202828,0,0
2041-03-27,2662,202828,0,0
2041-03-28,2569,202828,0,0
2041-03-29,2457,202828,0,0
2041-03-30,2343,202828,0,0
2041-03-31,2234,202828,0,0
2041-04-01,2134,202828,0,0
2041-04-02,2043,202828,0,0
2041-04-03,1958,202828,0,0
2041-04-04,1879,202828,0,0
2041-04-05,1806,202828,0,0
2041-04-06,1769,202796,0,0
2041-04-07,1735,202685,0,0
2041-04-08,1702,202499,0,0
2041-04-09,1671,202241,0,0
2041-04-10,1637,201917,0,0
2041-04-11,1586,201526,0,0
2041-04-12,1538,201053,0,0
2041-04-13,1492,200503,0,0
2041-04-14,1450,199878,0,0
2041-04-15,1408,199185,0,0
2041-04-16,1367,198426,0,0
2041-04-17,1327,197603,0,0
2041-04-18,1290,196721,0,0
2041-04-19,1253,195783,0,0
2041-04-20,1219,194791,0,0
2041-04-21,1186,193749,0,0
2041-04-22,1153,192658,0,0
2041-04-23,1120,191519,0,0
2041-04-24,1067,190432,0,0
2041-04-25,1190,189273,0,0
2041-04-26,1357,188148,0,0
2041-04-27,1450,187228,0,0
2041-04-28,1497,186397,0,0
2041-04-29,1488,185599,0,0
2041-04-30,1523,184882,0,1
2041-05-01,1523,185050,0,0
2041-05-02,1519,184359,0,1
2041-05-03,1560,184541,0,1
2041-05-04,1720,184800,0,1
2041-05-05,1873,185190,0,1
2041-05-06,1958,185802,0,0
2041-05-07,1979,185723,0,0
2041-05-08,1979,185708,0,0
2041-05-09,1942,185785,0,0
2041-05-10,1883,185897,0,0
2041-05-11,1883,185988,0,0
2041-05-12,3966,186039,0,0
2041-05-13,7536,188261,0,0
2041-05-14,7269,191089,0,0
2041-05-15,6385,193827,0,0
2041-05-16,5470,196414,0,0
2041-05-17,4664,198813,0,0
2041-05-18,5242,201010,0,0
2041-05-19,4949,202312,0,0
2041-05-20,4412,202828,0,0
2041-05-21,3904,202828,0,0
2041-05-22,3474,202828,0,0
2041-05-23,3113,202828,0,0
2041-05-24,2815,202828,0,0
2041-05-25,2563,202828,0,0
2041-05-26,2348,202828,0,0
2041-05-27,2166,202828,0,0
2041-05-28,2009,202828,0,0
2041-05-29,1873,202828,0,0
2041-05-30,1753,202828,0,0
2041-05-31,1705,202828,0,0
2041-06-01,1638,202763,0,0
2041-06-02,1590,202532,0,0
2041-06-03,1547,202168,0,0
2041-06-04,1495,201696,0,0
2041-06-05,1450,201122,0,0
2041-06-06,1407,200450,0,0
2041-06-07,1362,199685,0,0
2041-06-08,1342,198833,0,0
2041-06-09,1338,197941,0,0
2041-06-10,2671,197007,0,0
2041-06-11,5344,197708,0,0
2041-06-12,5329,200207,0,0
2041-06-13,5836,202612,0,0
2041-06-14,6398,202828,0,0
2041-06-15,6064,202828,0,0
2041-06-16,5373,202828,0,0
2041-06-17,4734,202828,0,0
2041-06-18,4205,202828,0,0
2041-06-19,3849,202828,0,0
2041-06-20,3553,202828,0,0
2041-06-21,3285,202828,0,0
2041-06-22,3044,202828,0,0
2041-06-23,2833,202828,0,0
2041-06-24,2640,202828,0,0
2041-06-25,2470,202828,0,0
2041-06-26,2319,202828,0,0
2041-06-27,2185,202828,0,0
2041-06-28,2069,202828,0,0
2041-06-29,2027,202828,0,0
2041-06-30,1992,202828,0,0
2041-07-01,1939,202828,0,0
2041-07-02,1913,202828,0,0
2041-07-03,1879,202749,0,0
2041-07-04,1870,202614,0,0
2041-07-05,1858,202427,0,0
2041-07-06,1836,202188,0,0
2041-07-07,1782,201894,0,0
2041-07-08,1717,201517,0,0
2041-07-09,1653,201049,0,0
2041-07-10,1591,200489,0,0
2041-07-11,1534,199837,0,0
2041-07-12,1479,199097,0,0
2041-07-13,1428,198272,0,0
2041-07-14,1379,197366,0,0
2041-07-15,1334,196382,0,0
2041-07-16,1290,195324,0,0
2041-07-17,1249,194194,0,0
2041-07-18,1210,192998,0,0
2041-07-19,1174,191738,0,0
2041-07-20,1137,190419,0,0
2041-07-21,1103,189042,0,0
2041-07-22,1069,187608,0,0
2041-07-23,1039,186121,0,0
2041-07-24,1009,184588,0,0
2041-07-25,978,183011,0,0
2041-07-26,951,181388,0,0
2041-07-27,923,179724,0,0
2041-07-28,896,178119,0,0
2041-07-29,871,176474,0,0
2041-07-30,845,174792,0,0
2041-07-31,821,173072,0,0
2041-08-01,798,171317,0,0
2041-08-02,780,169520,0,0
2041-08-03,758,167710,0,0
2041-08-04,737,165867,0,0
2041-08-05,716,163994,0,0
2041-08-06,697,162090,0,0
2041-08-07,694,160157,0,0
2041-08-08,689,158213,0,0
2041-08-09,672,156269,0,0
2041-08-10,654,154325,0,0
2041-08-11,637,152381,0,0
2041-08-12,621,150437,0,0
2041-08-13,574,148493,0,1
2041-08-14,559,147071,0,1
2041-08-15,543,145627,0,1
2041-08-16,529,144159,0,1
2041-08-17,513,142674,0,1
2041-08-18,500,141189,0,1
2041-08-19,486,139704,0,1
2041-08-20,473,138219,0,1
2041-08-21,562,136734,0,2
2041-08-22,567,135440,0,2
2041-08-23,561,134146,0,2
2041-08-24,548,132852,0,2
2041-08-25,537,131558,0,2
2041-08-26,526,130264,0,2
2041-08-27,516,128970,0,2
2041-08-28,505,127676,0,2
2041-08-29,495,126382,0,2
2041-08-30,485,125088,0,2
2041-08-31,475,123794,0,2
2041-09-01,466,122500,0,2
2041-09-02,457,121213,0,2
2041-09-03,456,119926,0,2
2041-09-04,453,118639,0,2
2041-09-05,453,117352,0,2
2041-09-06,453,116065,0,2
2041-09-07,450,114778,0,2
2041-09-08,441,113491,0,2
2041-09-09,428,112204,0,2
2041-09-10,421,110917,0,2
2041-09-11,413,109630,0,2
2041-09-12,408,108331,0,3
2041-09-13,400,107096,0,3
2041-09-14,396,105861,0,3
2041-09-15,396,104626,0,3
2041-09-16,393,103391,0,3
2041-09-17,388,102156,0,3
2041-09-18,388,100921,0,3
2041-09-19,377,99686,0,3
2041-09-20,383,98451,0,3
2041-09-21,391,97217,0,3
2041-09-22,396,95991,0,3
2041-09-23,397,94768,0,3
2041-09-24,400,93545,0,3
2041-09-25,404,92320,0,3
2041-09-26,416,91092,0,3
2041-09-27,427,89860,0,3
2041-09-28,434,88625,0,3
2041-09-29,439,87390,0,3
2041-09-30,440,86155,0,3
2041-10-01,443,84920,0,3
2041-10-02,446,83724,0,3
2041-10-03,446,82528,0,3
2041-10-04,446,81332,0,3
2041-10-05,446,80211,0,3
2041-10-06,439,79090,0,3
2041-10-07,432,77969,0,3
2041-10-08,424,76848,0,3
2041-10-09,415,75727,0,3
2041-10-10,407,74606,0,3
2041-10-11,399,73485,0,3
2041-10-12,391,72357,0,3
2041-10-13,385,71229,0,3
2041-10-14,381,70101,0,3
2041-10-15,381,68973,0,3
2041-10-16,381,67845,0,3
2041-10-17,381,66717,0,3
2041-10-18,379,65589,0,3
2041-10-19,366,64461,0,3
2041-10-20,365,63333,0,3
2041-10-21,362,62205,0,3
2041-10-22,360,61077,0,3
2041-10-23,361,59949,0,3
2041-10-24,365,58821,0,3
2041-10-25,369,57693,0,3
2041-10-26,374,56565,0,3
2041-10-27,553,55437,0,3
2041-10-28,893,54554,0,3
2041-10-29,893,54276,0,3
2041-10-30,1199,54074,0,3
2041-10-31,1610,54266,0,3
2041-11-01,1733,54836,0,3
2041-11-02,1733,55408,0,3
2041-11-03,1672,55893,0,3
2041-11-04,1521,56142,0,3
2041-11-05,1382,56157,0,3
2041-11-06,1196,56007,0,3
2041-11-07,1135,55807,0,3
2041-11-08,965,55625,0,3
2041-11-09,934,55371,0,3
2041-11-10,930,55107,0,3
2041-11-11,930,54799,0,3
2041-11-12,876,54454,0,3
2041-11-13,853,54019,0,3
2041-11-14,825,53529,0,3
2041-11-15,808,52985,0,3
2041-11-16,765,52402,0,3
2041-11-17,734,51757,0,3
2041-11-18,705,51062,0,3
2041-11-19,685,50321,0,3
2041-11-20,650,49504,0,3
2041-11-21,988,48821,0,4
2041-11-22,1505,49066,0,3
2041-11-23,1972,49556,0,3
2041-11-24,2087,50515,0,3
2041-11-25,2077,51520,0,3
2041-11-26,2028,52470,0,3
2041-11-27,2028,53466,0,3
2041-11-28,2013,54432,0,3
2041-11-29,1945,55404,0,3
2041-11-30,1787,56361,0,3
2041-12-01,1665,57203,0,3
2041-12-02,2160,57860,0,3
2041-12-03,3013,59123,0,3
2041-12-04,3328,61247,0,3
2041-12-05,3107,63514,0,3
2041-12-06,4997,65604,0,3
2041-12-07,5313,68678,0,3
2041-12-08,4703,71752,0,3
2041-12-09,4034,74623,0,3
2041-12-10,3461,77317,0,2
2041-12-11,2992,79815,0,2
2041-12-12,2779,82191,0,2
2041-12-13,2592,84301,0,2
2041-12-14,2330,86122,0,2
2041-12-15,2121,87573,0,2
2041-12-16,1964,88739,0,2
2041-12-17,1830,89708,0,2
2041-12-18,1617,90489,0,1
2041-12-19,1507,90944,0,1
2041-12-20,1408,91242,0,1
2041-12-21,1318,91398,0,1
2041-12-22,1239,91427,0,1
2041-12-23,1166,91303,0,1
2041-12-24,1102,91046,0,1
2041-12-25,1061,90669,0,1
2041-12-26,1034,90226,0,1
2041-12-27,1010,89712,0,1
2041-12-28,993,89125,0,1
2041-12-29,978,88488,0,1
2041-12-30,961,87796,0,1
2041-12-31,1017,87028,0,2
2042-01-01,1166,86151,0,2
2042-01-02,1601,85793,0,2
2042-01-03,2096,86314,0,2
2042-01-04,2342,87384,0,2
2042-01-05,2370,88681,0,2
2042-01-06,2308,90106,0,1
2042-01-07,2280,91363,0,1
2042-01-08,2138,92530,0,1
2042-01-09,1948,93704,0,1
2042-01-10,1948,94712,0,1
2042-01-11,2046,95784,0,1
2042-01-12,2073,96875,0,1
2042-01-13,2073,97951,0,1
2042-01-14,1950,99040,0,1
2042-01-15,1968,100032,0,1
2042-01-16,2317,100980,0,1
2042-01-17,2497,102266,0,1
2042-01-18,2561,103765,0,1
2042-01-19,2581,105388,0,1
2042-01-20,3919,107126,0,1
2042-01-21,4470,109803,0,1
2042-01-22,4303,112615,0,1
2042-01-23,8314,115393,0,1
2042-01-24,7777,118691,0,1
2042-01-25,6757,121989,0,1
2042-01-26,6358,125276,0,1
2042-01-27,5594,128570,0,1
2042-01-28,4902,131259,0,1
2042-01-29,4634,133745,0,1
2042-01-30,4778,136206,0,1
2042-01-31,4966,138777,0,0
2042-02-01,4640,141462,0,0
2042-02-02,4213,144009,0,0
2042-02-03,5450,146396,0,0
2042-02-04,5421,149328,0,0
2042-02-05,4978,152163,0,0
2042-02-06,4525,154775,0,0
2042-02-07,4131,157214,0,0
2042-02-08,3796,159523,0,0
2042-02-09,3510,161734,0,0
2042-02-10,3384,163868,0,0
2042-02-11,3574,166000,0,0
2042-02-12,3547,168272,0,0
2042-02-13,3384,170453,0,0
2042-02-14,6459,171915,0,0
2042-02-15,6734,174160,0,0
2042-02-16,6150,176405,0,0
2042-02-17,6211,178573,0,0
2042-02-18,5789,180818,0,0
2042-02-19,5312,182857,0,0
2042-02-20,4887,184707,0,0
2042-02-21,4863,186412,0,0
2042-02-22,4631,188178,0,0
2042-02-23,4578,189851,0,0
2042-02-24,4377,191544,0,0
2042-02-25,4127,193152,0,0
2042-02-26,3886,194417,0,0
2042-02-27,3666,195147,0,0
2042-02-28,3470,195816,0,0
2042-03-01,3297,196435,0,0
2042-03-02,3239,197048,0,0
2042-03-03,3147,197677,0,0
2042-03-04,3027,198283,0,0
2042-03-05,2899,198855,0,0
2042-03-06,2775,199395,0,0
2042-03-07,2660,199906,0,0
2042-03-08,2961,200392,0,0
2042-03-09,3581,200965,0,0
2042-03-10,3880,201673,0,0
2042-03-11,5322,202442,0,0
2042-03-12,5282,202828,0,0
2042-03-13,5961,202828,0,0
2042-03-14,5591,202828,0,0
2042-03-15,5074,202828,0,0
2042-03-16,4869,202828,0,0
2042-03-17,5505,202828,0,0
2042-03-18,5643,202828,0,0
2042-03-19,5283,202828,0,0
2042-03-20,4855,202828,0,0
2042-03-21,5737,202828,0,0
2042-03-22,5641,202828,0,0
2042-03-23,5250,202828,0,0
2042-03-24,6338,202828,0,0
2042-03-25,6404,202828,0,0
2042-03-26,6018,202828,0,0
2042-03-27,5593,202828,0,0
2042-03-28,5200,202828,0,0
2042-03-29,5281,202828,0,0
2042-03-30,5355,202828,0,0
2042-03-31,5247,202828,0,0
2042-04-01,5426,202828,0,0
2042-04-02,5235,202828,0,0
2042-04-03,4945,202828,0,0
2042-04-04,4664,202828,0,0
2042-04-05,4411,202828,0,0
2042-04-06,4185,202828,0,0
2042-04-07,3985,202828,0,0
2042-04-08,3805,202828,0,0
2042-04-09,3640,202828,0,0
2042-04-10,3489,202828,0,0
2042-04-11,3350,202828,0,0
2042-04-12,3222,202828,0,0
2042-04-13,3145,202828,0,0
2042-04-14,3056,202828,0,0
2042-04-15,2956,202828,0,0
2042-04-16,2852,202828,0,0
2042-04-17,2751,202828,0,0
2042-04-18,2655,202828,0,0
2042-04-19,2563,202828,0,0
2042-04-20,2476,202828,0,0
2042-04-21,2403,202828,0,0
2042-04-22,2365,202828,0,0
2042-04-23,2363,202828,0,0
2042-04-24,3203,202828,0,0
2042-04-25,3816,202828,0,0
2042-04-26,3812,202828,0,0
2042-04-27,3569,202828,0,0
2042-04-28,3302,202828,0,0
2042-04-29,3286,202828,0,0
2042-04-30,3193,202828,0,0
2042-05-01,3029,202828,0,0
2042-05-02,2842,202828,0,0
2042-05-03,2669,202828,0,0
2042-05-04,2546,202828,0,0
2042-05-05,3480,202828,0,0
2042-05-06,4037,202828,0,0
2042-05-07,4217,202828,0,0
2042-05-08,4002,202828,0,0
2042-05-09,3682,202828,0,0
2042-05-10,3373,202828,0,0
2042-05-11,3136,202828,0,0
2042-05-12,3047,202828,0,0
2042-05-13,2925,202828,0,0
2042-05-14,2771,202828,0,0
2042-05-15,2612,202828,0,0
2042-05-16,2459,202828,0,0
2042-05-17,2363,202828,0,0
2042-05-18,2274,202828,0,0
2042-05-19,2203,202828,0,0
2042-05-20,2128,202828,0,0
2042-05-21,2043,202828,0,0
2042-05-22,1957,202828,0,0
2042-05-23,2104,202828,0,0
2042-05-24,2302,202828,0,0
2042-05-25,2392,202828,0,0
2042-05-26,2370,202828,0,0
2042-05-27,2285,202828,0,0
2042-05-28,2180,202828,0,0
2042-05-29,2082,202828,0,0
2042-05-30,1991,202828,0,0
2042-05-31,1907,202828,0,0
2042-06-01,1845,202828,0,0
2042-06-02,1802,202774,0,0
2042-06-03,1764,202625,0,0
2042-06-04,1726,202397,0,0
2042-06-05,1679,202091,0,0
2042-06-06,1617,201698,0,0
2042-06-07,1561,201204,0,0
2042-06-08,1561,200618,0,0
2042-06-09,1654,199984,0,0
2042-06-10,1781,199363,0,0
2042-06-11,1823,198809,0,0
2042-06-12,1823,198322,0,0
2042-06-13,1903,197904,0,0
2042-06-14,2090,197604,0,0
2042-06-15,2130,197483,0,0
2042-06-16,2130,197459,0,0
2042-06-17,2258,197544,0,0
2042-06-18,2379,197845,0,0
2042-06-19,2379,198284,0,0
2042-06-20,2327,198779,0,0
2042-06-21,2167,199280,0,0
2042-06-22,2012,199654,0,0
2042-06-23,1891,199869,0,0
2042-06-24,1924,199924,0,0
2042-06-25,2046,199925,0,0
2042-06-26,2058,199964,0,0
2042-06-27,2049,200032,0,0
2042-06-28,2149,200142,0,0
2042-06-29,2387,200385,0,0
2042-06-30,2517,200832,0,0
2042-07-01,2516,201364,0,0
2042-07-02,3434,201783,0,0
2042-07-03,5496,202422,0,0
2042-07-04,6019,202828,0,0
2042-07-05,5349,202828,0,0
2042-07-06,4599,202828,0,0
2042-07-07,4456,202828,0,0
2042-07-08,6303,202828,0,0
2042-07-09,5948,202828,0,0
2042-07-10,6134,202828,0,0
2042-07-11,5490,202828,0,0
2042-07-12,4781,202828,0,0
2042-07-13,4359,202828,0,0
2042-07-14,3911,202828,0,0
2042-07-15,3543,202828,0,0
2042-07-16,3214,202828,0,0
2042-07-17,2921,202828,0,0
2042-07-18,2865,202828,0,0
2042-07-19,3344,202828,0,0
2042-07-20,3552,202828,0,0
2042-07-21,3396,202828,0,0
2042-07-22,3370,202828,0,0
2042-07-23,3384,202828,0,0
2042-07-24,3982,202828,0,0
2042-07-25,3990,202828,0,0
2042-07-26,3690,202828,0,0
2042-07-27,3342,202828,0,0
2042-07-28,3154,202828,0,0
2042-07-29,2945,202828,0,0
2042-07-30,2886,202828,0,0
2042-07-31,2879,202828,0,0
2042-08-01,2793,202828,0,0
2042-08-02,3637,202828,0,0
2042-08-03,4736,202828,0,0
2042-08-04,4704,202828,0,0
2042-08-05,4271,202828,0,0
2042-08-06,3818,202828,0,0
2042-08-07,3531,202828,0,0
2042-08-08,10857,202828,0,0
2042-08-09,17820,202828,0,0
2042-08-10,15170,202828,0,0
2042-08-11,12915,202828,0,0
2042-08-12,11126,202828,0,0
2042-08-13,9702,202828,0,0
2042-08-14,8551,202828,0,0
2042-08-15,7621,202828,0,0
2042-08-16,6861,202828,0,0
2042-08-17,6234,202828,0,0
2042-08-18,5711,202828,0,0
2042-08-19,5272,202828,0,0
2042-08-20,4939,202828,0,0
2042-08-21,4922,202828,0,0
2042-08-22,4975,202828,0,0
2042-08-23,4969,202828,0,0
2042-08-24,4756,202828,0,0
2042-08-25,4700,202828,0,0
2042-08-26,4510,202828,0,0
2042-08-27,4360,202828,0,0
2042-08-28,4163,202828,0,0
2042-08-29,3961,202828,0,0
2042-08-30,3770,202828,0,0
2042-08-31,6735,202828,0,0
2042-09-01,7118,202828,0,0
2042-09-02,6627,202828,0,0
2042-09-03,6106,202828,0,0
2042-09-04,5653,202828,0,0
2042-09-05,5265,202828,0,0
2042-09-06,4932,202828,0,0
2042-09-07,4830,202828,0,0
2042-09-08,4627,202828,0,0
2042-09-09,4508,202828,0,0
2042-09-10,4323,202828,0,0
2042-09-11,4121,202828,0,0
2042-09-12,3927,202828,0,0
2042-09-13,3753,202828,0,0
2042-09-14,3594,202828,0,0
2042-09-15,3453,202828,0,0
2042-09-16,3321,202828,0,0
2042-09-17,3205,202828,0,0
2042-09-18,3090,202828,0,0
2042-09-19,2976,202828,0,0
2042-09-20,2868,202828,0,0
2042-09-21,2765,202828,0,0
2042-09-22,2668,202828,0,0
2042-09-23,2578,202828,0,0
2042-09-24,2497,202828,0,0
2042-09-25,3559,202828,0,0
2042-09-26,4137,202828,0,0
2042-09-27,4062,202828,0,0
2042-09-28,3789,202828,0,0
2042-09-29,3504,202828,0,0
2042-09-30,3248,202828,0,0
2042-10-01,3026,202828,0,0
2042-10-02,2835,202828,0,0
2042-10-03,2699,202828,0,0
2042-10-04,2626,202828,0,0
2042-10-05,2817,202828,0,0
2042-10-06,2902,202828,0,0
2042-10-07,2848,202828,0,0
2042-10-08,2724,202828,0,0
2042-10-09,2582,202828,0,0
2042-10-10,2688,202828,0,0
2042-10-11,2739,202828,0,0
2042-10-12,2685,202828,0,0
2042-10-13,2573,202828,0,0
2042-10-14,2446,202828,0,0
2042-10-15,2349,202828,0,0
2042-10-16,3830,202828,0,0
2042-10-17,4481,202828,0,0
2042-10-18,4256,202828,0,0
2042-10-19,4082,202828,0,0
2042-10-20,3764,202828,0,0
2042-10-21,3421,202828,0,0
2042-10-22,3147,202828,0,0
2042-10-23,3600,202828,0,0
2042-10-24,4020,202828,0,0
2042-10-25,3896,202828,0,0
2042-10-26,5067,202828,0,0
2042-10-27,5067,202828,0,0
2042-10-28,4633,202828,0,0
2042-10-29,6004,202828,0,0
2042-10-30,5831,202828,0,0
2042-10-31,5251,202828,0,0
2042-11-01,4704,202828,0,0
2042-11-02,4234,202828,0,0
2042-11-03,3841,202828,0,0
2042-11-04,3512,202828,0,0
2042-11-05,3233,202828,0,0
2042-11-06,3013,202828,0,0
2042-11-07,2874,202828,0,0
2042-11-08,2735,202828,0,0
2042-11-09,2592,202828,0,0
2042-11-10,2452,202828,0,0
2042-11-11,2323,202828,0,0
2042-11-12,2205,202828,0,0
2042-11-13,2098,202828,0,0
2042-11-14,2001,202828,0,0
2042-11-15,1913,202828,0,0
2042-11-16,1832,202828,0,0
2042-11-17,1792,202818,0,0
2042-11-18,1755,202715,0,0
2042-11-19,1720,202524,0,0
2042-11-20,1687,202253,0,0
2042-11-21,1641,201908,0,0
2042-11-22,1588,201477,0,0
2042-11-23,1588,200958,0,0
2042-11-24,2114,200361,0,0
2042-11-25,2719,200147,0,0
2042-11-26,3056,200760,0,0
2042-11-27,3642,201805,0,0
2042-11-28,3690,202576,0,0
2042-11-29,3425,202828,0,0
2042-11-30,3139,202828,0,0
2042-12-01,3131,202828,0,0
2042-12-02,3360,202828,0,0
2042-12-03,3426,202828,0,0
2042-12-04,3246,202828,0,0
2042-12-05,3226,202828,0,0
2042-12-06,3450,202828,0,0
2042-12-07,3696,202828,0,0
2042-12-08,4268,202828,0,0
2042-12-09,4177,202828,0,0
2042-12-10,4827,202828,0,0
2042-12-11,4677,202828,0,0
2042-12-12,4258,202828,0,0
2042-12-13,3943,202828,0,0
2042-12-14,5410,202828,0,0
2042-12-15,5481,202828,0,0
2042-12-16,5011,202828,0,0
2042-12-17,4516,202828,0,0
2042-12-18,4107,202828,0,0
2042-12-19,3751,202828,0,0
2042-12-20,3535,201435,0,0
2042-12-21,3316,200021,0,0
2042-12-22,3121,198551,0,0
2042-12-23,3040,197035,0,0
2042-12-24,3106,195524,0,0
2042-12-25,3074,194093,0,0
2042-12-26,2954,192632,0,0
2042-12-27,3108,191116,0,0
2042-12-28,3146,189736,0,0
2042-12-29,3056,188330,0,0
2042-12-30,2908,186859,0,0
2042-12-31,2829,185304,0,0
2043-01-01,2432,183512,0,0
2043-01-02,2384,182048,0,0
2043-01-03,5529,182722,0,0
2043-01-04,7620,185631,0,0
2043-01-05,7052,188246,0,0
2043-01-06,6254,190477,0,0
2043-01-07,5590,192709,0,0
2043-01-08,5031,194902,0,0
2043-01-09,4558,197060,0,0
2043-01-10,5025,199179,0,0
2043-01-11,4897,201298,0,0
2043-01-12,4561,202828,0,0
2043-01-13,4222,202828,0,0
2043-01-14,3920,202828,0,0
2043-01-15,3657,202828,0,0
2043-01-16,3429,202828,0,0
2043-01-17,3228,202828,0,0
2043-01-18,3051,202828,0,0
2043-01-19,2894,202828,0,0
2043-01-20,2809,202828,0,0
2043-01-21,2716,202828,0,0
2043-01-22,2610,202828,0,0
2043-01-23,2765,202828,0,0
2043-01-24,2869,202828,0,0
2043-01-25,2846,202828,0,0
2043-01-26,2749,202828,0,0
2043-01-27,2627,202828,0,0
2043-01-28,2505,202828,0,0
2043-01-29,2389,202828,0,0
2043-01-30,2281,202828,0,0
2043-01-31,2180,202828,0,0
2043-02-01,2375,202828,0,0
2043-02-02,2591,202828,0,0
2043-02-03,2671,202828,0,0
2043-02-04,2583,202828,0,0
2043-02-05,2612,202828,0,0
2043-02-06,2689,202828,0,0
2043-02-07,2698,202828,0,0
2043-02-08,2849,202828,0,0
2043-02-09,2985,202828,0,0
2043-02-10,3088,202828,0,0
2043-02-11,3041,202828,0,0
2043-02-12,2909,202828,0,0
2043-02-13,2753,202828,0,0
2043-02-14,2598,202828,0,0
2043-02-15,2454,202828,0,0
2043-02-16,2325,202828,0,0
2043-02-17,2209,202828,0,0
2043-02-18,2103,202828,0,0
2043-02-19,2007,202828,0,0
2043-02-20,1980,202828,0,0
2043-02-21,1956,202828,0,0
2043-02-22,1918,202828,0,0
2043-02-23,1863,202828,0,0
2043-02-24,1982,202797,0,0
2043-02-25,2086,202828,0,0
2043-02-26,2978,202828,0,0
2043-02-27,3512,202828,0,0
2043-02-28,3462,202828,0,0
2043-03-01,3202,202828,0,0
2043-03-02,2919,202828,0,0
2043-03-03,2661,202828,0,0
2043-03-04,2441,202828,0,0
2043-03-05,2324,202828,0,0
2043-03-06,2321,202828,0,0
2043-03-07,2287,202828,0,0
2043-03-08,2290,202828,0,0
2043-03-09,2700,202828,0,0
2043-03-10,3029,202828,0,0
2043-03-11,3222,202828,0,0
2043-03-12,3144,202828,0,0
2043-03-13,3297,202828,0,0
2043-03-14,3258,202828,0,0
2043-03-15,3078,202828,0,0
2043-03-16,2862,202828,0,0
2043-03-17,2652,202828,0,0
2043-03-18,2465,202828,0,0
2043-03-19,2441,202828,0,0
2043-03-20,2407,202828,0,0
2043-03-21,2326,202828,0,0
2043-03-22,2219,202828,0,0
2043-03-23,2234,202828,0,0
2043-03-24,2553,202828,0,0
2043-03-25,5063,202828,0,0
2043-03-26,5773,202828,0,0
2043-03-27,5340,202828,0,0
2043-03-28,4790,202828,0,0
2043-03-29,4304,202828,0,0
2043-03-30,3894,202828,0,0
2043-03-31,3687,202828,0,0
2043-04-01,3507,202828,0,0
2043-04-02,3301,202828,0,0
2043-04-03,3094,202828,0,0
2043-04-04,2912,202828,0,0
2043-04-05,2741,202828,0,0
2043-04-06,2581,202828,0,0
2043-04-07,2439,202828,0,0
2043-04-08,2438,202828,0,0
2043-04-09,2456,202828,0,0
2043-04-10,2832,202828,0,0
2043-04-11,3019,202828,0,0
2043-04-12,3309,202828,0,0
2043-04-13,3501,202828,0,0
2043-04-14,3435,202828,0,0
2043-04-15,3243,202828,0,0
2043-04-16,3029,202828,0,0
2043-04-17,2825,202828,0,0
2043-04-18,2645,202828,0,0
2043-04-19,2484,202828,0,0
2043-04-20,2346,202828,0,0
2043-04-21,2685,202828,0,0
2043-04-22,2911,202828,0,0
2043-04-23,2894,202828,0,0
2043-04-24,2754,202828,0,0
2043-04-25,2761,202828,0,0
2043-04-26,2775,202828,0,0
2043-04-27,2697,202828,0,0
2043-04-28,5270,202828,0,0
2043-04-29,12326,202828,0,0
2043-04-30,12499,202828,0,0
2043-05-01,11619,202828,0,0
2043-05-02,10163,202828,0,0
2043-05-03,8962,202828,0,0
2043-05-04,7978,202828,0,0
2043-05-05,7177,202828,0,0
2043-05-06,6516,202828,0,0
2043-05-07,5967,202828,0,0
2043-05-08,5573,202828,0,0
2043-05-09,5344,202828,0,0
2043-05-10,5146,202828,0,0
2043-05-11,4986,202828,0,0
2043-05-12,4732,202828,0,0
2043-05-13,4468,202828,0,0
2043-05-14,4228,202828,0,0
2043-05-15,4013,202828,0,0
2043-05-16,4086,202828,0,0
2043-05-17,4019,202828,0,0
2043-05-18,3866,202828,0,0
2043-05-19,3695,202828,0,0
2043-05-20,3531,202828,0,0
2043-05-21,3377,202828,0,0
2043-05-22,3302,202828,0,0
2043-05-23,3207,202828,0,0
2043-05-24,3096,202828,0,0
2043-05-25,2978,202828,0,0
2043-05-26,2989,202828,0,0
2043-05-27,3080,202828,0,0
2043-05-28,3175,202828,0,0
2043-05-29,3449,202828,0,0
2043-05-30,3513,202828,0,0
2043-05-31,3410,202828,0,0
2043-06-01,3250,202828,0,0
2043-06-02,3073,202828,0,0
2043-06-03,3480,202828,0,0
2043-06-04,3638,202828,0,0
2043-06-05,3547,202828,0,0
2043-06-06,3367,202828,0,0
2043-06-07,3216,202828,0,0
2043-06-08,3059,202828,0,0
2043-06-09,2905,202828,0,0
2043-06-10,2839,202828,0,0
2043-06-11,3003,202828,0,0
2043-06-12,3057,202828,0,0
2043-06-13,2990,202828,0,0
2043-06-14,2864,202828,0,0
2043-06-15,2725,202828,0,0
2043-06-16,2907,202828,0,0
2043-06-17,2985,202828,0,0
2043-06-18,2923,202828,0,0
2043-06-19,2907,202828,0,0
2043-06-20,2832,202828,0,0
2043-06-21,2713,202828,0,0
2043-06-22,2580,202828,0,0
2043-06-23,2571,202828,0,0
2043-06-24,2999,202828,0,0
2043-06-25,11355,202828,0,0
2043-06-26,10699,202828,0,0
2043-06-27,9057,202828,0,0
2043-06-28,7701,202828,0,0
2043-06-29,6627,202828,0,0
2043-06-30,5768,202828,0,0
2043-07-01,5075,202828,0,0
2043-07-02,4501,202828,0,0
2043-07-03,4040,202828,0,0
2043-07-04,3656,202828,0,0
2043-07-05,3337,202828,0,0
2043-07-06,3066,202828,0,0
2043-07-07,2837,202828,0,0
2043-07-08,2670,202828,0,0
2043-07-09,2573,202828,0,0
2043-07-10,2705,202828,0,0
2043-07-11,2750,202828,0,0
2043-07-12,2678,202828,0,0
2043-07-13,2549,202828,0,0
2043-07-14,2813,202828,0,0
2043-07-15,2935,202828,0,0
2043-07-16,2862,202828,0,0
2043-07-17,2762,202828,0,0
2043-07-18,3104,202828,0,0
2043-07-19,3245,202828,0,0
2043-07-20,3156,202828,0,0
2043-07-21,2975,202828,0,0
2043-07-22,2782,202828,0,0
2043-07-23,2600,202828,0,0
2043-07-24,2439,202828,0,0
2043-07-25,2297,202828,0,0
2043-07-26,2170,202828,0,0
2043-07-27,2056,202828,0,0
2043-07-28,1956,202828,0,0
2043-07-29,1884,202828,0,0
2043-07-30,1838,202773,0,0
2043-07-31,1919,202609,0,0
2043-08-01,2717,202410,0,0
2043-08-02,3143,202828,0,0
2043-08-03,3104,202828,0,0
2043-08-04,3054,202828,0,0
2043-08-05,2906,202828,0,0
2043-08-06,2708,202828,0,0
2043-08-07,2507,202828,0,0
2043-08-08,2321,202828,0,0
2043-08-09,2158,202828,0,0
2043-08-10,2019,202828,0,0
2043-08-11,1895,202828,0,0
2043-08-12,3283,202828,0,0
2043-08-13,4228,202828,0,0
2043-08-14,4335,202828,0,0
2043-08-15,4022,202828,0,0
2043-08-16,3681,202828,0,0
2043-08-17,3347,202828,0,0
2043-08-18,3049,202828,0,0
2043-08-19,2790,202828,0,0
2043-08-20,2569,202828,0,0
2043-08-21,2379,202828,0,0
2043-08-22,2214,202828,0,0
2043-08-23,2073,202828,0,0
2043-08-24,1948,202828,0,0
2043-08-25,1865,202828,0,0
2043-08-26,1812,202828,0,0
2043-08-27,1764,202694,0,0
2043-08-28,1713,202441,0,0
2043-08-29,1642,202073,0,0
2043-08-30,1575,201578,0,0
2043-08-31,1515,200964,0,0
2043-09-01,1460,200242,0,0
2043-09-02,1408,199552,0,0
2043-09-03,1360,198769,0,0
2043-09-04,1315,197903,0,0
2043-09-05,1272,196957,0,0
2043-09-06,1231,195940,0,0
2043-09-07,1192,194852,0,0
2043-09-08,1155,193701,0,0
2043-09-09,1120,192488,0,0
2043-09-10,1120,191218,0,0
2043-09-11,1176,189939,0,0
2043-09-12,1727,188647,0,0
2043-09-13,2432,188141,0,0
2043-09-14,3210,188483,0,0
2043-09-15,3381,189860,0,0
2043-09-16,3346,191472,0,0
2043-09-17,3216,192965,0,0
2043-09-18,2808,194629,0,0
2043-09-19,2528,195948,0,0
2043-09-20,2399,197152,0,0
2043-09-21,2326,198234,0,0
2043-09-22,2329,199160,0,0
2043-09-23,2634,199939,0,0
2043-09-24,2743,200524,0,0
2043-09-25,2947,201111,0,0
2043-09-26,3345,201747,0,0
2043-09-27,3275,202485,0,0
2043-09-28,3404,202828,0,0
2043-09-29,3473,202828,0,0
2043-09-30,3303,202828,0,0
2043-10-01,3667,202828,0,0
2043-10-02,4017,202828,0,0
2043-10-03,3844,202828,0,0
2043-10-04,3539,202828,0,0
2043-10-05,3266,202828,0,0
2043-10-06,4354,202828,0,0
2043-10-07,4539,202828,0,0
2043-10-08,4196,202828,0,0
2043-10-09,3767,202828,0,0
2043-10-10,3379,202828,0,0
2043-10-11,3051,202828,0,0
2043-10-12,2772,202828,0,0
2043-10-13,2536,202828,0,0
2043-10-14,2334,202828,0,0
2043-10-15,2163,202828,0,0
2043-10-16,2014,202828,0,0
2043-10-17,1885,202828,0,0
2043-10-18,1772,202828,0,0
2043-10-19,1670,202828,0,0
2043-10-20,1621,202784,0,0
2043-10-21,1576,202614,0,0
2043-10-22,1536,202331,0,0
2043-10-23,1491,201946,0,0
2043-10-24,1460,201470,0,0
2043-10-25,1449,200923,0,0
2043-10-26,1420,200314,0,0
2043-10-27,1387,199630,0,0
2043-10-28,1347,198876,0,0
2043-10-29,1305,198050,0,0
2043-10-30,1262,197159,0,0
2043-10-31,1244,196203,0,0
2043-11-01,1544,195267,0,0
2043-11-02,1877,194645,0,0
2043-11-03,1997,194397,0,0
2043-11-04,1997,194227,0,0
2043-11-05,1960,193994,0,0
2043-11-06,1899,193821,0,0
2043-11-07,1828,193697,0,0
2043-11-08,1707,193559,0,0
2043-11-09,1598,193316,0,0
2043-11-10,1502,192952,0,0
2043-11-11,1417,192461,0,0
2043-11-12,1342,191844,0,0
2043-11-13,1274,191109,0,0
2043-11-14,1214,190261,0,0
2043-11-15,1160,189311,0,0
2043-11-16,1160,188264,0,0
2043-11-17,1306,187200,0,0
2043-11-18,1633,186190,0,0
2043-11-19,1875,185623,0,0
2043-11-20,1951,185304,0,0
2043-11-21,2021,185129,0,0
2043-11-22,1997,184998,0,0
2043-11-23,2299,184856,0,0
2043-11-24,2569,185248,0,0
2043-11-25,3545,185974,0,0
2043-11-26,3773,188208,0,0
2043-11-27,3492,190472,0,0
2043-11-28,3110,192548,0,0
2043-11-29,2805,194488,0,0
2043-11-30,2545,196253,0,0
2043-12-01,2359,197557,0,0
2043-12-02,2152,197950,0,0
2043-12-03,1966,198299,0,0
2043-12-04,1809,198613,0,0
2043-12-05,1734,198808,0,0
2043-12-06,1668,198819,0,0
2043-12-07,1574,198665,0,0
2043-12-08,1484,198329,0,0
2043-12-09,1405,197826,0,0
2043-12-10,1335,197173,0,0
2043-12-11,1271,196386,0,0
2043-12-12,1213,195478,0,0
2043-12-13,1161,194462,0,0
2043-12-14,1113,193347,0,0
2043-12-15,1070,192143,0,0
2043-12-16,1031,190859,0,0
2043-12-17,998,189502,0,0
2043-12-18,1583,188080,0,0
2043-12-19,2780,187418,0,0
2043-12-20,3232,188228,0,0
2043-12-21,3232,189499,0,0
2043-12-22,2951,190690,0,0
2043-12-23,2929,191661,0,0
2043-12-24,2856,192872,0,0
2043-12-25,2662,194122,0,0
2043-12-26,2566,195272,0,0
2043-12-27,2367,196344,0,0
2043-12-28,2167,197191,0,0
2043-12-29,2019,197788,0,0
2043-12-30,1905,198176,0,0
2043-12-31,1905,198349,0,0
2044-01-01,2050,198197,0,0
2044-01-02,2144,198380,0,0
2044-01-03,5000,198613,0,0
2044-01-04,5615,201434,0,0
2044-01-05,5197,202770,0,0
2044-01-06,4540,202828,0,0
2044-01-07,4457,202828,0,0
2044-01-08,4091,202828,0,0
2044-01-09,3794,202828,0,0
2044-01-10,3896,202828,0,0
2044-01-11,3721,202828,0,0
2044-01-12,3512,202828,0,0
2044-01-13,3244,202828,0,0
2044-01-14,3022,202828,0,0
2044-01-15,3192,202828,0,0
2044-01-16,3176,202828,0,0
2044-01-17,3046,202828,0,0
2044-01-18,2871,202828,0,0
2044-01-19,2693,202828,0,0
2044-01-20,3554,202828,0,0
2044-01-21,3918,202828,0,0
2044-01-22,5725,202828,0,0
2044-01-23,6186,202828,0,0
2044-01-24,8266,202828,0,0
2044-01-25,8326,202828,0,0
2044-01-26,7480,202828,0,0
2044-01-27,6675,202828,0,0
2044-01-28,6004,202828,0,0
2044-01-29,5447,202828,0,0
2044-01-30,4984,202828,0,0
2044-01-31,5556,202828,0,0
2044-02-01,7897,202828,0,0
2044-02-02,7632,202828,0,0
2044-02-03,6991,202828,0,0
2044-02-04,6410,202828,0,0
2044-02-05,5918,202828,0,0
2044-02-06,5534,202828,0,0
2044-02-07,5179,202828,0,0
2044-02-08,4866,202828,0,0
2044-02-09,4604,202828,0,0
2044-02-10,4364,202828,0,0
2044-02-11,4148,202828,0,0
2044-02-12,4523,202828,0,0
2044-02-13,4865,202828,0,0
2044-02-14,4785,202828,0,0
2044-02-15,4559,202828,0,0
2044-02-16,4320,202828,0,0
2044-02-17,4155,202828,0,0
2044-02-18,3975,202828,0,0
2044-02-19,3794,202828,0,0
2044-02-20,3625,202828,0,0
2044-02-21,3470,202828,0,0
2044-02-22,3733,202828,0,0
2044-02-23,3813,202828,0,0
2044-02-24,3720,202828,0,0
2044-02-25,3567,202828,0,0
2044-02-26,3467,202828,0,0
2044-02-27,3526,202828,0,0
2044-02-28,3481,202828,0,0
2044-02-29,4735,202828,0,0
2044-03-01,5025,202828,0,0
2044-03-02,4786,202828,0,0
2044-03-03,4454,202828,0,0
2044-03-04,4146,202828,0,0
2044-03-05,3878,202828,0,0
2044-03-06,3643,202828,0,0
2044-03-07,3437,202828,0,0
2044-03-08,3257,202828,0,0
2044-03-09,3099,202828,0,0
2044-03-10,3052,202828,0,0
2044-03-11,3079,202828,0,0
2044-03-12,3127,202828,0,0
2044-03-13,5868,202828,0,0
2044-03-14,7449,202828,0,0
2044-03-15,8991,202828,0,0
2044-03-16,10521,202828,0,0
2044-03-17,10555,202828,0,0
2044-03-18,9468,202828,0,0
2044-03-19,8492,202828,0,0
2044-03-20,7688,202828,0,0
2044-03-21,7021,202828,0,0
2044-03-22,6464,202828,0,0
2044-03-23,5993,202828,0,0
2044-03-24,5592,202828,0,0
2044-03-25,5246,202828,0,0
2044-03-26,4945,202828,0,0
2044-03-27,4682,202828,0,0
2044-03-28,4448,202828,0,0
2044-03-29,4238,202828,0,0
2044-03-30,4050,202828,0,0
2044-03-31,3878,202828,0,0
2044-04-01,3722,202828,0,0
2044-04-02,3639,202828,0,0
2044-04-03,3533,202828,0,0
2044-04-04,3578,202828,0,0
2044-04-05,3540,202828,0,0
2044-04-06,3434,202828,0,0
2044-04-07,3305,202828,0,0
2044-04-08,3175,202828,0,0
2044-04-09,3052,202828,0,0
2044-04-10,2935,202828,0,0
2044-04-11,2828,202828,0,0
2044-04-12,2729,202828,0,0
2044-04-13,2774,202828,0,0
2044-04-14,3332,202828,0,0
2044-04-15,4174,202828,0,0
2044-04-16,4283,202828,0,0
2044-04-17,4057,202828,0,0
2044-04-18,3857,202828,0,0
2044-04-19,3613,202828,0,0
2044-04-20,3367,202828,0,0
2044-04-21,4037,202828,0,0
2044-04-22,4552,202828,0,0
2044-04-23,4764,202828,0,0
2044-04-24,5687,202828,0,0
2044-04-25,6092,202828,0,0
2044-04-26,7093,202828,0,0
2044-04-27,6687,202828,0,0
2044-04-28,7978,202828,0,0
2044-04-29,7506,202828,0,0
2044-04-30,6850,202828,0,0
2044-05-01,6270,202828,0,0
2044-05-02,5782,202828,0,0
2044-05-03,5369,202828,0,0
2044-05-04,5015,202828,0,0
2044-05-05,4709,202828,0,0
2044-05-06,4443,202828,0,0
2044-05-07,4208,202828,0,0
2044-05-08,4000,202828,0,0
2044-05-09,3812,202828,0,0
2044-05-10,3643,202828,0,0
2044-05-11,3489,202828,0,0
2044-05-12,3348,202828,0,0
2044-05-13,3218,202828,0,0
2044-05-14,3097,202828,0,0
2044-05-15,2982,202828,0,0
2044-05-16,2875,202828,0,0
2044-05-17,2773,202828,0,0
2044-05-18,2678,202828,0,0
2044-05-19,2588,202828,0,0
2044-05-20,2501,202828,0,0
2044-05-21,2417,202828,0,0
2044-05-22,2338,202828,0,0
2044-05-23,2262,202828,0,0
2044-05-24,2189,202828,0,0
2044-05-25,2118,202828,0,0
2044-05-26,2050,202828,0,0
2044-05-27,1984,202828,0,0
2044-05-28,1965,202828,0,0
2044-05-29,1934,202828,0,0
2044-05-30,1902,202765,0,0
2044-05-31,1872,202640,0,0
2044-06-01,1829,202436,0,0
2044-06-02,1776,202146,0,0
2044-06-03,1724,201777,0,0
2044-06-04,1673,201330,0,0
2044-06-05,1625,200808,0,0
2044-06-06,1577,200214,0,0
2044-06-07,1533,199553,0,0
2044-06-08,1516,198828,0,0
2044-06-09,1516,198057,0,0
2044-06-10,1572,197254,0,0
2044-06-11,1621,196463,0,0
2044-06-12,1643,195700,0,0
2044-06-13,1670,194970,0,0
2044-06-14,1670,194284,0,0
2044-06-15,1932,193625,0,0
2044-06-16,2254,193491,0,0
2044-06-17,2358,193766,0,0
2044-06-18,2358,194090,0,0
2044-06-19,2347,194422,0,0
2044-06-20,2347,194925,0,0
2044-06-21,2330,195492,0,0
2044-06-22,2285,196077,0,0
2044-06-23,2198,196629,0,0
2044-06-24,2078,197084,0,0
2044-06-25,1969,197390,0,0
2044-06-26,1869,197543,0,0
2044-06-27,1780,197547,0,0
2044-06-28,1698,197407,0,0
2044-06-29,1624,197131,0,0
2044-06-30,1556,196730,0,0
2044-07-01,1494,196115,0,0
2044-07-02,1437,195372,0,0
2044-07-03,1384,194530,0,0
2044-07-04,1336,193596,0,0
2044-07-05,1291,192576,0,0
2044-07-06,1250,191477,0,0
2044-07-07,1210,190305,0,0
2044-07-08,1186,189064,0,0
2044-07-09,1169,187788,0,0
2044-07-10,1154,186469,0,0
2044-07-11,1134,185108,0,0
2044-07-12,1113,183700,0,0
2044-07-13,1087,182351,0,0
2044-07-14,1058,180958,0,0
2044-07-15,1029,179523,0,0
2044-07-16,998,178046,0,0
2044-07-17,967,176529,0,0
2044-07-18,937,174969,0,0
2044-07-19,922,173369,0,0
2044-07-20,922,171754,0,0
2044-07-21,969,170152,0,0
2044-07-22,1046,168557,0,0
2044-07-23,1103,167015,0,0
2044-07-24,1136,165520,0,0
2044-07-25,1127,164037,0,0
2044-07-26,1127,162560,0,0
2044-07-27,1147,161140,0,0
2044-07-28,1152,159752,0,0
2044-07-29,1156,158382,0,1
2044-07-30,1152,157717,0,1
2044-07-31,1137,157065,0,1
2044-08-01,1118,156410,0,1
2044-08-02,1067,155763,0,1
2044-08-03,1040,155072,0,1
2044-08-04,1040,154375,0,1
2044-08-05,1040,153674,0,1
2044-08-06,1229,152956,0,1
2044-08-07,1645,152604,0,1
2044-08-08,2449,153026,0,0
2044-08-09,2784,153719,0,0
2044-08-10,2784,154751,0,0
2044-08-11,2691,155671,0,0
2044-08-12,2408,156366,0,0
2044-08-13,3634,157008,0,0
2044-08-14,5519,158886,0,0
2044-08-15,5211,161286,0,0
2044-08-16,4461,163557,0,0
2044-08-17,7533,165654,0,0
2044-08-18,6963,168391,0,0
2044-08-19,5883,171047,0,0
2044-08-20,4958,173436,0,0
2044-08-21,4215,175617,0,0
2044-08-22,3619,177645,0,0
2044-08-23,3135,179558,0,0
2044-08-24,2742,181385,0,0
2044-08-25,2417,182915,0,0
2044-08-26,2273,183936,0,0
2044-08-27,2153,184766,0,0
2044-08-28,2030,185390,0,0
2044-08-29,2353,185820,0,0
2044-08-30,2917,186508,0,0
2044-08-31,3118,187563,0,0
2044-09-01,2877,188960,0,0
2044-09-02,2690,190325,0,0
2044-09-03,2580,191629,0,0
2044-09-04,2474,192862,0,0
2044-09-05,2295,193961,0,0
2044-09-06,2126,194815,0,0
2044-09-07,1978,195413,0,0
2044-09-08,1850,195774,0,0
2044-09-09,1741,195917,0,0
2044-09-10,1644,195866,0,0
2044-09-11,1561,195639,0,0
2044-09-12,1489,195257,0,0
2044-09-13,1422,194736,0,0
2044-09-14,1361,194090,0,0
2044-09-15,1304,193331,0,0
2044-09-16,1265,192466,0,0
2044-09-17,1232,191532,0,0
2044-09-18,1204,190527,0,0
2044-09-19,1174,189454,0,0
2044-09-20,1144,188315,0,0
2044-09-21,1124,187113,0,0
2044-09-22,1115,185872,0,0
2044-09-23,1117,184613,0,0
2044-09-24,1119,183331,0,0
2044-09-25,1119,182021,0,0
2044-09-26,1152,180723,0,0
2044-09-27,1196,179426,0,0
2044-09-28,1223,178136,0,0
2044-09-29,1221,176852,0,0
2044-09-30,1221,175579,0,0
2044-10-01,1253,174441,0,0
2044-10-02,1443,173453,0,0
2044-10-03,1667,172779,0,0
2044-10-04,2798,172408,0,0
2044-10-05,3496,173395,0,0
2044-10-06,3423,175436,0,0
2044-10-07,3239,177336,0,0
2044-10-08,2911,179021,0,0
2044-10-09,4967,180620,0,0
2044-10-10,5551,183070,0,0
2044-10-11,5036,185578,0,0
2044-10-12,5033,187982,0,0
2044-10-13,4528,190602,0,0
2044-10-14,3953,193066,0,0
2044-10-15,3458,195360,0,0
2044-10-16,3037,197517,0,0
2044-10-17,2819,199582,0,0
2044-10-18,2394,201420,0,0
2044-10-19,2148,202738,0,0
2044-10-20,1944,202828,0,0
2044-10-21,1778,202828,0,0
2044-10-22,1594,202828,0,0
2044-10-23,1526,202828,0,0
2044-10-24,1466,202744,0,0
2044-10-25,1410,202505,0,0
2044-10-26,1360,202126,0,0
2044-10-27,1315,201621,0,0
2044-10-28,1264,201004,0,0
2044-10-29,1227,200281,0,0
2044-10-30,2259,199472,0,0
2044-10-31,3657,199786,0,0
2044-11-01,3804,201759,0,0
2044-11-02,4774,202592,0,0
2044-11-03,4620,202828,0,0
2044-11-04,4154,202828,0,0
2044-11-05,3650,202828,0,0
2044-11-06,3221,202828,0,0
2044-11-07,2853,202828,0,0
2044-11-08,2543,202828,0,0
2044-11-09,2280,202828,0,0
2044-11-10,2059,202828,0,0
2044-11-11,1869,202828,0,0
2044-11-12,1650,202828,0,0
2044-11-13,1572,202828,0,0
2044-11-14,1504,202783,0,0
2044-11-15,1444,202569,0,0
2044-11-16,1392,202206,0,0
2044-11-17,1346,201710,0,0
2044-11-18,1304,201096,0,0
2044-11-19,1267,200376,0,0
2044-11-20,1238,199561,0,0
2044-11-21,1244,198681,0,0
2044-11-22,1256,197753,0,0
2044-11-23,1380,196786,0,0
2044-11-24,1596,195895,0,0
2044-11-25,1746,195265,0,0
2044-11-26,1892,194800,0,0
2044-11-27,2007,194585,0,0
2044-11-28,2086,194523,0,0
2044-11-29,2181,194587,0,0
2044-11-30,2194,194829,0,0
2044-12-01,2848,194984,0,0
2044-12-02,4821,196071,0,0
2044-12-03,5060,198810,0,0
2044-12-04,4589,200791,0,0
2044-12-05,4063,201764,0,0
2044-12-06,3607,202557,0,0
2044-12-07,3224,202828,0,0
2044-12-08,2906,202828,0,0
2044-12-09,2638,202828,0,0
2044-12-10,2417,202828,0,0
2044-12-11,2271,202828,0,0
2044-12-12,2147,202828,0,0
2044-12-13,2065,202828,0,0
2044-12-14,3024,202828,0,0
2044-12-15,3656,202828,0,0
2044-12-16,3621,202828,0,0
2044-12-17,3637,202828,0,0
2044-12-18,3548,202828,0,0
2044-12-19,3318,202828,0,0
2044-12-20,4385,202828,0,0
2044-12-21,5252,202828,0,0
2044-12-22,13379,202828,0,0
2044-12-23,12907,202828,0,0
2044-12-24,17985,202828,0,0
2044-12-25,15948,202828,0,0
2044-12-26,13987,202828,0,0
2044-12-27,12380,202828,0,0
2044-12-28,11084,202828,0,0
2044-12-29,10012,202828,0,0
2044-12-30,9131,202828,0,0
2045-01-01,8385,202828,0,0
2045-01-02,7765,202828,0,0
2045-01-03,7239,202828,0,0
2045-01-04,6787,202828,0,0
2045-01-05,6395,202828,0,0
2045-01-06,6052,202828,0,0
2045-01-07,5747,202828,0,0
2045-01-08,5478,202828,0,0
2045-01-09,5233,202828,0,0
2045-01-10,5011,202828,0,0
2045-01-11,4808,202828,0,0
2045-01-12,4620,202828,0,0
2045-01-13,4445,202828,0,0
2045-01-14,4283,202828,0,0
2045-01-15,4129,202828,0,0
2045-01-16,4612,202828,0,0
2045-01-17,4661,202828,0,0
2045-01-18,8421,202828,0,0
2045-01-19,8677,202828,0,0
2045-01-20,8653,202828,0,0
2045-01-21,8641,202828,0,0
2045-01-22,10050,202828,0,0
2045-01-23,9292,202828,0,0
2045-01-24,10612,202828,0,0
2045-01-25,9993,202828,0,0
2045-01-26,9145,202828,0,0
2045-01-27,8416,202828,0,0
2045-01-28,7800,202828,0,0
2045-01-29,7277,202828,0,0
2045-01-30,6827,202828,0,0
2045-01-31,7161,202828,0,0
2045-02-01,15999,202828,0,0
2045-02-02,24725,202828,0,0
2045-02-03,21875,202828,0,0
2045-02-04,19516,202828,0,0
2045-02-05,21217,202828,0,0
2045-02-06,19154,202828,0,0
2045-02-07,17426,202828,0,0
2045-02-08,15983,202828,0,0
2045-02-09,14781,202828,0,0
2045-02-10,13771,202828,0,0
2045-02-11,12899,202828,0,0
2045-02-12,12147,202828,0,0
2045-02-13,11482,202828,0,0
2045-02-14,10903,202828,0,0
2045-02-15,10385,202828,0,0
2045-02-16,9927,202828,0,0
2045-02-17,9504,202828,0,0
2045-02-18,12092,202828,0,0
2045-02-19,11862,202828,0,0
2045-02-20,11490,202828,0,0
2045-02-21,11136,202828,0,0
2045-02-22,10470,202828,0,0
2045-02-23,9874,202828,0,0
2045-02-24,9347,202828,0,0
2045-02-25,8881,202828,0,0
2045-02-26,8474,202828,0,0
2045-02-27,8100,202828,0,0
2045-02-28,7763,202828,0,0
2045-03-01,7454,202828,0,0
2045-03-02,7167,202828,0,0
2045-03-03,6902,202828,0,0
2045-03-04,6652,202828,0,0
2045-03-05,6418,202828,0,0
2045-03-06,6197,202828,0,0
2045-03-07,5985,202828,0,0
2045-03-08,5785,202828,0,0
2045-03-09,5717,202828,0,0
2045-03-10,5556,202828,0,0
2045-03-11,5371,202828,0,0
2045-03-12,5188,202828,0,0
2045-03-13,5012,202828,0,0
2045-03-14,4850,202828,0,0
2045-03-15,5008,202828,0,0
2045-03-16,4943,202828,0,0
2045-03-17,4783,202828,0,0
2045-03-18,4864,202828,0,0
2045-03-19,4769,202828,0,0
2045-03-20,4597,202828,0,0
2045-03-21,4417,202828,0,0
2045-03-22,4243,202828,0,0
2045-03-23,4082,202828,0,0
2045-03-24,3941,202828,0,0
2045-03-25,3803,202828,0,0
2045-03-26,3668,202828,0,0
2045-03-27,3548,202828,0,0
2045-03-28,3640,202828,0,0
2045-03-29,3950,202828,0,0
2045-03-30,4003,202828,0,0
2045-03-31,3883,202828,0,0
2045-04-01,3820,202828,0,0
2045-04-02,4416,202828,0,0
2045-04-03,4480,202828,0,0
2045-04-04,4641,202828,0,0
2045-04-05,4483,202828,0,0
2045-04-06,4217,202828,0,0
2045-04-07,5389,202828,0,0
2045-04-08,5438,202828,0,0
2045-04-09,5072,202828,0,0
2045-04-10,4670,202828,0,0
2045-04-11,4314,202828,0,0
2045-04-12,4338,202828,0,0
2045-04-13,4720,202828,0,0
2045-04-14,4597,202828,0,0
2045-04-15,4893,202828,0,0
2045-04-16,5392,202828,0,0
2045-04-17,5226,202828,0,0
2045-04-18,4863,202828,0,0
2045-04-19,4629,202828,0,0
2045-04-20,4330,202828,0,0
2045-04-21,4417,202828,0,0
2045-04-22,4269,202828,0,0
2045-04-23,4217,202828,0,0
2045-04-24,4212,202828,0,0
2045-04-25,4043,202828,0,0
2045-04-26,4113,202828,0,0
2045-04-27,4340,202828,0,0
2045-04-28,4431,202828,0,0
2045-04-29,4497,202828,0,0
2045-04-30,6705,202828,0,0
2045-05-01,7489,202828,0,0
2045-05-02,6999,202828,0,0
2045-05-03,6275,202828,0,0
2045-05-04,7229,202828,0,0
2045-05-05,7269,202828,0,0
2045-05-06,6653,202828,0,0
2045-05-07,6038,202828,0,0
2045-05-08,5512,202828,0,0
2045-05-09,5304,202828,0,0
2045-05-10,4988,202828,0,0
2045-05-11,5251,202828,0,0
2045-05-12,5061,202828,0,0
2045-05-13,5183,202828,0,0
2045-05-14,4970,202828,0,0
2045-05-15,4663,202828,0,0
2045-05-16,5044,202828,0,0
2045-05-17,5798,202828,0,0
2045-05-18,5670,202828,0,0
2045-05-19,5284,202828,0,0
2045-05-20,4904,202828,0,0
2045-05-21,4580,202828,0,0
2045-05-22,4430,202828,0,0
2045-05-23,4533,202828,0,0
2045-05-24,4409,202828,0,0
2045-05-25,4189,202828,0,0
2045-05-26,5490,202828,0,0
2045-05-27,5640,202828,0,0
2045-05-28,5323,202828,0,0
2045-05-29,4954,202828,0,0
2045-05-30,4622,202828,0,0
2045-05-31,4334,202828,0,0
2045-06-01,4081,202828,0,0
2045-06-02,3852,202828,0,0
2045-06-03,3657,202828,0,0
2045-06-04,3483,202828,0,0
2045-06-05,3326,202828,0,0
2045-06-06,4011,202828,0,0
2045-06-07,4250,202828,0,0
2045-06-08,4138,202828,0,0
2045-06-09,3925,202828,0,0
2045-06-10,3707,202828,0,0
2045-06-11,3507,202828,0,0
2045-06-12,3330,202828,0,0
2045-06-13,3168,202828,0,0
2045-06-14,3023,202828,0,0
2045-06-15,2900,202828,0,0
2045-06-16,3381,202828,0,0
2045-06-17,3634,202828,0,0
2045-06-18,3597,202828,0,0
2045-06-19,3444,202828,0,0
2045-06-20,3278,202828,0,0
2045-06-21,3176,202828,0,0
2045-06-22,3071,202828,0,0
2045-06-23,2946,202828,0,0
2045-06-24,2815,202828,0,0
2045-06-25,2688,202828,0,0
2045-06-26,2569,202828,0,0
2045-06-27,2467,202828,0,0
2045-06-28,2374,202828,0,0
2045-06-29,2352,202828,0,0
2045-06-30,2322,202828,0,0
2045-07-01,2266,202828,0,0
2045-07-02,2226,202828,0,0
2045-07-03,2597,202828,0,0
2045-07-04,3284,202828,0,0
2045-07-05,3602,202828,0,0
2045-07-06,3519,202828,0,0
2045-07-07,3282,202828,0,0
2045-07-08,3028,202828,0,0
2045-07-09,2799,202828,0,0
2045-07-10,2597,202828,0,0
2045-07-11,2419,202828,0,0
2045-07-12,2710,202828,0,0
2045-07-13,2886,202828,0,0
2045-07-14,2846,202828,0,0
2045-07-15,2694,202828,0,0
2045-07-16,2518,202828,0,0
2045-07-17,2351,202828,0,0
2045-07-18,2379,202828,0,0
2045-07-19,2379,202828,0,0
2045-07-20,2384,202828,0,0
2045-07-21,2599,202828,0,0
2045-07-22,2677,202828,0,0
2045-07-23,2600,202828,0,0
2045-07-24,2447,202828,0,0
2045-07-25,2559,202828,0,0
2045-07-26,2607,202828,0,0
2045-07-27,2544,202828,0,0
2045-07-28,2412,202828,0,0
2045-07-29,2263,202828,0,0
2045-07-30,2118,202828,0,0
2045-07-31,1985,202828,0,0
2045-08-01,1897,202828,0,0
2045-08-02,1830,202828,0,0
2045-08-03,2459,202714,0,0
2045-08-04,3174,202828,0,0
2045-08-05,5268,202828,0,0
2045-08-06,5472,202828,0,0
2045-08-07,4956,202828,0,0
2045-08-08,4403,202828,0,0
2045-08-09,3927,202828,0,0
2045-08-10,3530,202828,0,0
2045-08-11,3197,202828,0,0
2045-08-12,2920,202828,0,0
2045-08-13,2684,202828,0,0
2045-08-14,2484,202828,0,0
2045-08-15,2311,202828,0,0
2045-08-16,2161,202828,0,0
2045-08-17,2031,202828,0,0
2045-08-18,1919,202828,0,0
2045-08-19,1840,202828,0,0
2045-08-20,1789,202766,0,0
2045-08-21,1748,202579,0,0
2045-08-22,1703,202283,0,0
2045-08-23,1677,201889,0,0
2045-08-24,1640,201414,0,0
2045-08-25,1587,200855,0,0
2045-08-26,1532,200202,0,0
2045-08-27,1481,199459,0,0
2045-08-28,1430,198632,0,0
2045-08-29,1380,197725,0,0
2045-08-30,1332,196739,0,0
2045-08-31,1287,195679,0,0
2045-09-01,1245,194548,0,0
2045-09-02,1206,193479,0,0
2045-09-03,1167,192347,0,0
2045-09-04,1132,191153,0,0
2045-09-05,1098,189902,0,0
2045-09-06,1064,188595,0,0
2045-09-07,1032,187236,0,0
2045-09-08,1002,185829,0,0
2045-09-09,974,184377,0,0
2045-09-10,957,182882,0,0
2045-09-11,955,181357,0,0
2045-09-12,960,179812,0,0
2045-09-13,965,178248,0,0
2045-09-14,973,176674,0,0
2045-09-15,973,175090,0,0
2045-09-16,1620,173500,0,0
2045-09-17,2780,173029,0,0
2045-09-18,3322,173916,0,0
2045-09-19,3253,175397,0,0
2045-09-20,2916,176713,0,0
2045-09-21,2595,177642,0,0
2045-09-22,2317,178553,0,0
2045-09-23,2081,179298,0,0
2045-09-24,1881,179806,0,0
2045-09-25,1712,180060,0,0
2045-09-26,1568,180066,0,0
2045-09-27,1478,179840,0,0
2045-09-28,4583,179450,0,0
2045-09-29,6974,180620,0,0
2045-09-30,6215,183354,0,0
2045-10-01,5210,185902,0,0
2045-10-02,4384,188303,0,0
2045-10-03,3766,190535,0,0
2045-10-04,3387,192662,0,0
2045-10-05,2999,194763,0,0
2045-10-06,2635,196791,0,0
2045-10-07,3269,198062,0,0
2045-10-08,3495,199394,0,0
2045-10-09,3340,200158,0,0
2045-10-10,3022,200891,0,0
2045-10-11,2860,201550,0,0
2045-10-12,2845,202198,0,0
2045-10-13,2685,202828,0,0
2045-10-14,2529,202828,0,0
2045-10-15,2724,202828,0,0
2045-10-16,2739,202828,0,0
2045-10-17,2575,202828,0,0
2045-10-18,2349,202828,0,0
2045-10-19,2122,202828,0,0
2045-10-20,1918,202828,0,0
2045-10-21,1739,202828,0,0
2045-10-22,1904,202828,0,0
2045-10-23,2070,202828,0,0
2045-10-24,2165,202828,0,0
2045-10-25,2162,202828,0,0
2045-10-26,2025,202828,0,0
2045-10-27,1879,202828,0,0
2045-10-28,1741,202828,0,0
2045-10-29,1664,202828,0,0
2045-10-30,1610,202737,0,0
2045-10-31,1578,202549,0,0
2045-11-01,1634,202274,0,0
2045-11-02,1854,201947,0,0
2045-11-03,2506,201732,0,0
2045-11-04,2913,202381,0,0
2045-11-05,3009,202828,0,0
2045-11-06,3126,202828,0,0
2045-11-07,3378,202828,0,0
2045-11-08,3296,202828,0,0
2045-11-09,3032,202828,0,0
2045-11-10,2736,202828,0,0
2045-11-11,2465,202828,0,0
2045-11-12,2228,202828,0,0
2045-11-13,2500,202828,0,0
2045-11-14,2681,202828,0,0
2045-11-15,2631,202828,0,0
2045-11-16,2457,202828,0,0
2045-11-17,2704,202828,0,0
2045-11-18,2866,202828,0,0
2045-11-19,3049,202828,0,0
2045-11-20,2978,202828,0,0
2045-11-21,3183,202828,0,0
2045-11-22,3149,202828,0,0
2045-11-23,3343,202828,0,0
2045-11-24,3280,202828,0,0
2045-11-25,3055,202828,0,0
2045-11-26,2794,202828,0,0
2045-11-27,2849,202828,0,0
2045-11-28,4024,202828,0,0
2045-11-29,4330,202828,0,0
2045-11-30,4043,202828,0,0
2045-12-01,3649,202828,0,0
2045-12-02,3919,202828,0,0
2045-12-03,3854,202828,0,0
2045-12-04,3591,202828,0,0
2045-12-05,3297,202828,0,0
2045-12-06,3027,202828,0,0
2045-12-07,2877,202828,0,0
2045-12-08,2967,202828,0,0
2045-12-09,2952,202828,0,0
2045-12-10,2826,202828,0,0
2045-12-11,2751,202828,0,0
2045-12-12,2643,202828,0,0
2045-12-13,2714,202828,0,0
2045-12-14,2799,202828,0,0
2045-12-15,3823,202828,0,0
2045-12-16,4133,202828,0,0
2045-12-17,3907,202828,0,0
2045-12-18,7165,202828,0,0
2045-12-19,7633,202828,0,0
2045-12-20,6899,202828,0,0
2045-12-21,6151,202828,0,0
2045-12-22,5525,202828,0,0
2045-12-23,5008,202828,0,0
2045-12-24,4573,202828,0,0
2045-12-25,4207,202828,0,0
2045-12-26,3898,202828,0,0
2045-12-27,3636,202828,0,0
2045-12-28,3407,202828,0,0
2045-12-29,3245,202828,0,0
2045-12-30,3088,202828,0,0
2045-12-31,2954,202828,0,0
2046-01-01,2880,202828,0,0
2046-01-02,3018,202828,0,0
2046-01-03,3045,202828,0,0
2046-01-04,3098,202828,0,0
2046-01-05,3049,202828,0,0
2046-01-06,2936,202828,0,0
2046-01-07,2798,202828,0,0
2046-01-08,2746,202828,0,0
2046-01-09,4015,202828,0,0
2046-01-10,4554,202828,0,0
2046-01-11,4356,202828,0,0
2046-01-12,6148,202828,0,0
2046-01-13,6079,202828,0,0
2046-01-14,5506,202828,0,0
2046-01-15,4956,202828,0,0
2046-01-16,4622,202828,0,0
2046-01-17,4565,202828,0,0
2046-01-18,4381,202828,0,0
2046-01-19,4966,202828,0,0
2046-01-20,4901,202828,0,0
2046-01-21,4585,202828,0,0
2046-01-22,4253,202828,0,0
2046-01-23,6477,202828,0,0
2046-01-24,8703,202828,0,0
2046-01-25,8177,202828,0,0
2046-01-26,7432,202828,0,0
2046-01-27,6787,202828,0,0
2046-01-28,6239,202828,0,0
2046-01-29,5775,202828,0,0
2046-01-30,8086,202828,0,0
2046-01-31,8011,202828,0,0
2046-02-01,7757,202828,0,0
2046-02-02,7215,202828,0,0
2046-02-03,6698,202828,0,0
2046-02-04,6248,202828,0,0
2046-02-05,5861,202828,0,0
2046-02-06,5523,202828,0,0
2046-02-07,5228,202828,0,0
2046-02-08,4967,202828,0,0
2046-02-09,4735,202828,0,0
2046-02-10,4526,202828,0,0
2046-02-11,4335,202828,0,0
2046-02-12,4159,202828,0,0
2046-02-13,3996,202828,0,0
2046-02-14,3874,202828,0,0
2046-02-15,3762,202828,0,0
2046-02-16,3637,202828,0,0
2046-02-17,3507,202828,0,0
2046-02-18,3385,202828,0,0
2046-02-19,3269,202828,0,0
2046-02-20,3157,202828,0,0
2046-02-21,3047,202828,0,0
2046-02-22,2942,202828,0,0
2046-02-23,3352,202828,0,0
2046-02-24,3568,202828,0,0
2046-02-25,4018,202828,0,0
2046-02-26,4088,202828,0,0
2046-02-27,3967,202828,0,0
2046-02-28,3774,202828,0,0
2046-03-01,3578,202828,0,0
2046-03-02,3395,202828,0,0
2046-03-03,3228,202828,0,0
2046-03-04,3078,202828,0,0
2046-03-05,2942,202828,0,0
2046-03-06,2818,202828,0,0
2046-03-07,2703,202828,0,0
2046-03-08,2597,202828,0,0
2046-03-09,2498,202828,0,0
2046-03-10,2406,202828,0,0
2046-03-11,2320,202828,0,0
2046-03-12,2238,202828,0,0
2046-03-13,2161,202828,0,0
2046-03-14,2087,202828,0,0
2046-03-15,2018,202828,0,0
2046-03-16,2013,202828,0,0
2046-03-17,2926,202828,0,0
2046-03-18,3836,202828,0,0
2046-03-19,4119,202828,0,0
2046-03-20,3902,202828,0,0
2046-03-21,3561,202828,0,0
2046-03-22,3242,202828,0,0
2046-03-23,4523,202828,0,0
2046-03-24,4740,202828,0,0
2046-03-25,4898,202828,0,0
2046-03-26,4577,202828,0,0
2046-03-27,5063,202828,0,0
2046-03-28,4790,202828,0,0
2046-03-29,6162,202828,0,0
2046-03-30,5970,202828,0,0
2046-03-31,5391,202828,0,0
2046-04-01,4890,202828,0,0
2046-04-02,4443,202828,0,0
2046-04-03,4052,202828,0,0
2046-04-04,3714,202828,0,0
2046-04-05,3424,202828,0,0
2046-04-06,3177,202828,0,0
2046-04-07,3064,202828,0,0
2046-04-08,2959,202828,0,0
2046-04-09,2900,202828,0,0
2046-04-10,2874,202828,0,0
2046-04-11,2871,202828,0,0
2046-04-12,3800,202828,0,0
2046-04-13,4971,202828,0,0
2046-04-14,5300,202828,0,0
2046-04-15,6259,202828,0,0
2046-04-16,6016,202828,0,0
2046-04-17,5992,202828,0,0
2046-04-18,5958,202828,0,0
2046-04-19,5541,202828,0,0
2046-04-20,5054,202828,0,0
2046-04-21,5724,202828,0,0
2046-04-22,5562,202828,0,0
2046-04-23,6039,202828,0,0
2046-04-24,6375,202828,0,0
2046-04-25,6040,202828,0,0
2046-04-26,5717,202828,0,0
2046-04-27,5495,202828,0,0
2046-04-28,5400,202828,0,0
2046-04-29,5641,202828,0,0
2046-04-30,5399,202828,0,0
2046-05-01,5043,202828,0,0
2046-05-02,5810,202828,0,0
2046-05-03,7279,202828,0,0
2046-05-04,7301,202828,0,0
2046-05-05,9757,202828,0,0
2046-05-06,9499,202828,0,0
2046-05-07,12305,202828,0,0
2046-05-08,17523,202828,0,0
2046-05-09,16895,202828,0,0
2046-05-10,15142,202828,0,0
2046-05-11,13577,202828,0,0
2046-05-12,12289,202828,0,0
2046-05-13,11227,202828,0,0
2046-05-14,10345,202828,0,0
2046-05-15,9792,202828,0,0
2046-05-16,9153,202828,0,0
2046-05-17,8583,202828,0,0
2046-05-18,8086,202828,0,0
2046-05-19,8832,202828,0,0
2046-05-20,8453,202828,0,0
2046-05-21,7983,202828,0,0
2046-05-22,7557,202828,0,0
2046-05-23,7183,202828,0,0
2046-05-24,7256,202828,0,0
2046-05-25,7842,202828,0,0
2046-05-26,7565,202828,0,0
2046-05-27,7803,202828,0,0
2046-05-28,7480,202828,0,0
2046-05-29,7093,202828,0,0
2046-05-30,6748,202828,0,0
2046-05-31,6444,202828,0,0
2046-06-01,6156,202828,0,0
2046-06-02,5882,202828,0,0
2046-06-03,5638,202828,0,0
2046-06-04,5416,202828,0,0
2046-06-05,5208,202828,0,0
2046-06-06,5014,202828,0,0
2046-06-07,4836,202828,0,0
2046-06-08,4666,202828,0,0
2046-06-09,4507,202828,0,0
2046-06-10,5937,202828,0,0
2046-06-11,6104,202828,0,0
2046-06-12,5830,202828,0,0
2046-06-13,5508,202828,0,0
2046-06-14,5217,202828,0,0
2046-06-15,4955,202828,0,0
2046-06-16,6880,202828,0,0
2046-06-17,7011,202828,0,0
2046-06-18,6726,202828,0,0
2046-06-19,6311,202828,0,0
2046-06-20,5917,202828,0,0
2046-06-21,5571,202828,0,0
2046-06-22,5728,202828,0,0
2046-06-23,6138,202828,0,0
2046-06-24,5951,202828,0,0
2046-06-25,5634,202828,0,0
2046-06-26,6013,202828,0,0
2046-06-27,5851,202828,0,0
2046-06-28,5646,202828,0,0
2046-06-29,5408,202828,0,0
2046-06-30,5140,202828,0,0
2046-07-01,4885,202828,0,0
2046-07-02,4638,202828,0,0
2046-07-03,4441,202828,0,0
2046-07-04,4259,202828,0,0
2046-07-05,4084,202828,0,0
2046-07-06,3921,202828,0,0
2046-07-07,3768,202828,0,0
2046-07-08,3626,202828,0,0
2046-07-09,3494,202828,0,0
2046-07-10,3368,202828,0,0
2046-07-11,3251,202828,0,0
2046-07-12,3139,202828,0,0
2046-07-13,3033,202828,0,0
2046-07-14,2930,202828,0,0
2046-07-15,2833,202828,0,0
2046-07-16,2740,202828,0,0
2046-07-17,2650,202828,0,0
2046-07-18,2563,202828,0,0
2046-07-19,2480,202828,0,0
2046-07-20,2404,202828,0,0
2046-07-21,2330,202828,0,0
2046-07-22,2257,202828,0,0
2046-07-23,2185,202828,0,0
2046-07-24,2114,202828,0,0
2046-07-25,2080,202828,0,0
2046-07-26,2045,202828,0,0
2046-07-27,2011,202763,0,0
2046-07-28,1979,202634,0,0
2046-07-29,1979,202444,0,0
2046-07-30,2151,202240,0,0
2046-07-31,2242,202159,0,0
2046-08-01,2337,202178,0,0
2046-08-02,2297,202348,0,0
2046-08-03,2226,202565,0,0
2046-08-04,2081,202759,0,0
2046-08-05,2019,202828,0,0
2046-08-06,1972,202828,0,0
2046-08-07,1930,202761,0,0
2046-08-08,1888,202621,0,0
2046-08-09,1870,202403,0,0
2046-08-10,1873,202152,0,0
2046-08-11,1873,201857,0,0
2046-08-12,1913,201552,0,0
2046-08-13,1923,201251,0,0
2046-08-14,1923,200944,0,0
2046-08-15,1905,200639,0,0
2046-08-16,1846,200326,0,0
2046-08-17,1777,199958,0,0
2046-08-18,1709,199520,0,0
2046-08-19,1644,199001,0,0
2046-08-20,1584,198398,0,0
2046-08-21,1532,197711,0,0
2046-08-22,1481,196945,0,0
2046-08-23,1432,196100,0,0
2046-08-24,1432,195178,0,0
2046-08-25,1441,194227,0,0
2046-08-26,1549,193237,0,0
2046-08-27,1611,192291,0,0
2046-08-28,1613,191393,0,0
2046-08-29,1627,190532,0,0
2046-08-30,1747,189764,0,0
2046-08-31,1785,189117,0,0
2046-09-01,1801,188538,0,0
2046-09-02,1773,188168,0,0
2046-09-03,1725,187833,0,0
2046-09-04,1671,187493,0,0
2046-09-05,1629,187117,0,0
2046-09-06,1623,186734,0,0
2046-09-07,1623,186316,0,0
2046-09-08,1580,185854,0,0
2046-09-09,1522,185314,0,0
2046-09-10,1460,184688,0,0
2046-09-11,1460,183977,0,0
2046-09-12,1497,183349,0,0
2046-09-13,1549,182723,0,0
2046-09-14,1573,182081,0,0
2046-09-15,1573,181419,0,0
2046-09-16,1565,180746,0,0
2046-09-17,1516,180070,0,0
2046-09-18,1452,179355,0,0
2046-09-19,1389,178581,0,0
2046-09-20,1330,177741,0,0
2046-09-21,1274,176831,0,0
2046-09-22,1222,175849,0,0
2046-09-23,1174,174795,0,0
2046-09-24,1130,173669,0,0
2046-09-25,1089,172474,0,0
2046-09-26,1049,171215,0,0
2046-09-27,1013,169890,0,0
2046-09-28,979,168505,0,0
2046-09-29,946,167063,0,0
2046-09-30,915,165565,0,0
2046-10-01,886,164015,0,0
2046-10-02,859,162503,0,0
2046-10-03,832,160947,0,0
2046-10-04,807,159350,0,0
2046-10-05,782,157714,0,0
2046-10-06,1916,156039,0,0
2046-10-07,3446,155948,0,0
2046-10-08,3858,156987,0,0
2046-10-09,3590,159012,0,0
2046-10-10,3274,160795,0,0
2046-10-11,2872,162394,0,0
2046-10-12,2835,163914,0,0
2046-10-13,2867,165447,0,0
2046-10-14,2837,166975,0,0
2046-10-15,2603,168467,0,0
2046-10-16,2544,169737,0,0
2046-10-17,2476,170996,0,0
2046-10-18,2336,172126,0,0
2046-10-19,2176,173052,0,0
2046-10-20,2010,173763,0,0
2046-10-21,1852,174245,0,0
2046-10-22,1709,174500,0,0
2046-10-23,1580,174540,0,0
2046-10-24,1467,174377,0,0
2046-10-25,1366,174028,0,0
2046-10-26,1277,173508,0,0
2046-10-27,1201,172834,0,0
2046-10-28,1132,172022,0,0
2046-10-29,1071,171085,0,0
2046-10-30,1032,170035,0,0
2046-10-31,1019,168908,0,0
2046-11-01,1028,167769,0,0
2046-11-02,1067,166533,0,0
2046-11-03,1099,165263,0,0
2046-11-04,1110,163967,0,0
2046-11-05,1110,162647,0,0
2046-11-06,1143,161341,0,0
2046-11-07,1158,160047,0,0
2046-11-08,1216,158809,0,0
2046-11-09,2443,157623,0,0
2046-11-10,3744,158288,0,0
2046-11-11,3750,160366,0,0
2046-11-12,3493,162362,0,0
2046-11-13,3096,164217,0,0
2046-11-14,3305,165972,0,0
2046-11-15,3325,167893,0,0
2046-11-16,3049,169864,0,0
2046-11-17,2901,171722,0,0
2046-11-18,3176,173411,0,0
2046-11-19,3255,175305,0,0
2046-11-20,4874,177190,0,0
2046-11-21,4864,179621,0,0
2046-11-22,4380,181970,0,0
2046-11-23,4433,184218,0,0
2046-11-24,4038,186569,0,0
2046-11-25,3545,188808,0,0
2046-11-26,3100,190043,0,0
2046-11-27,2716,190659,0,0
2046-11-28,2580,191197,0,0
2046-11-29,2422,191788,0,0
2046-11-30,2225,192345,0,0
2046-12-01,2025,192848,0,0
2046-12-02,1844,193225,0,0
2046-12-03,2046,193560,0,0
2046-12-04,2238,193991,0,0
2046-12-05,2255,194450,0,0
2046-12-06,2190,194884,0,0
2046-12-07,2440,195287,0,0
2046-12-08,2620,195857,0,0
2046-12-09,2538,196417,0,0
2046-12-10,3289,196914,0,0
2046-12-11,4318,197616,0,0
2046-12-12,4256,198598,0,0
2046-12-13,5276,199475,0,0
2046-12-14,5037,200700,0,0
2046-12-15,5048,201764,0,0
2046-12-16,5326,202828,0,0
2046-12-17,4934,202828,0,0
2046-12-18,4423,202828,0,0
2046-12-19,3960,202828,0,0
2046-12-20,4120,202828,0,0
2046-12-21,3981,202828,0,0
2046-12-22,3706,202828,0,0
2046-12-23,3414,202828,0,0
2046-12-24,4454,202828,0,0
2046-12-25,5666,202828,0,0
2046-12-26,5483,202828,0,0
2046-12-27,5146,202828,0,0
2046-12-28,4685,202828,0,0
2046-12-29,6078,202828,0,0
2046-12-30,6002,202828,0,0
2046-12-31,5515,202828,0,0
2047-01-01,5035,202828,0,0
2047-01-02,4626,202828,0,0
2047-01-03,4812,202828,0,0
2047-01-04,4649,202828,0,0
2047-01-05,5646,202828,0,0
2047-01-06,5563,202828,0,0
2047-01-07,5154,202828,0,0
2047-01-08,6770,202828,0,0
2047-01-09,6599,202828,0,0
2047-01-10,6173,202828,0,0
2047-01-11,5681,202828,0,0
2047-01-12,6339,202828,0,0
2047-01-13,6106,202828,0,0
2047-01-14,6668,202828,0,0
2047-01-15,7912,202828,0,0
2047-01-16,7508,202828,0,0
2047-01-17,6926,202828,0,0
2047-01-18,6407,202828,0,0
2047-01-19,5962,202828,0,0
2047-01-20,5581,202828,0,0
2047-01-21,5249,202828,0,0
2047-01-22,4960,202828,0,0
2047-01-23,4705,202828,0,0
2047-01-24,4478,202828,0,0
2047-01-25,4274,202828,0,0
2047-01-26,4087,202828,0,0
2047-01-27,3918,202828,0,0
2047-01-28,3764,202828,0,0
2047-01-29,3927,202828,0,0
2047-01-30,4104,202828,0,0
2047-01-31,4551,202828,0,0
2047-02-01,4781,202828,0,0
2047-02-02,5198,202828,0,0
2047-02-03,5669,202828,0,0
2047-02-04,5418,202828,0,0
2047-02-05,5636,202828,0,0
2047-02-06,5596,202828,0,0
2047-02-07,7356,202828,0,0
2047-02-08,7360,202828,0,0
2047-02-09,6762,202828,0,0
2047-02-10,10719,202828,0,0
2047-02-11,10315,202828,0,0
2047-02-12,9157,202828,0,0
2047-02-13,8241,202828,0,0
2047-02-14,9173,202828,0,0
2047-02-15,8436,202828,0,0
2047-02-16,8443,202828,0,0
2047-02-17,8939,202828,0,0
2047-02-18,10434,202828,0,0
2047-02-19,9823,202828,0,0
2047-02-20,10623,202828,0,0
2047-02-21,11238,202828,0,0
2047-02-22,10911,202828,0,0
2047-02-23,12482,202828,0,0
2047-02-24,11525,202828,0,0
2047-02-25,10591,202828,0,0
2047-02-26,9823,202828,0,0
2047-02-27,10261,202828,0,0
2047-02-28,9693,202828,0,0
2047-03-01,9070,202828,0,0
2047-03-02,8518,202828,0,0
2047-03-03,8040,202828,0,0
2047-03-04,7620,202828,0,0
2047-03-05,7248,202828,0,0
2047-03-06,6914,202828,0,0
2047-03-07,6613,202828,0,0
2047-03-08,6338,202828,0,0
2047-03-09,6086,202828,0,0
2047-03-10,5857,202828,0,0
2047-03-11,5741,202828,0,0
2047-03-12,5554,202828,0,0
2047-03-13,5353,202828,0,0
2047-03-14,5158,202828,0,0
2047-03-15,5155,202828,0,0
2047-03-16,6521,202828,0,0
2047-03-17,7891,202828,0,0
2047-03-18,10097,202828,0,0
2047-03-19,9866,202828,0,0
2047-03-20,12292,202828,0,0
2047-03-21,11240,202828,0,0
2047-03-22,10722,202828,0,0
2047-03-23,9823,202828,0,0
2047-03-24,9037,202828,0,0
2047-03-25,8368,202828,0,0
2047-03-26,7802,202828,0,0
2047-03-27,7316,202828,0,0
2047-03-28,6895,202828,0,0
2047-03-29,6529,202828,0,0
2047-03-30,6215,202828,0,0
2047-03-31,5924,202828,0,0
2047-04-01,5663,202828,0,0
2047-04-02,5424,202828,0,0
2047-04-03,5570,202828,0,0
2047-04-04,5522,202828,0,0
2047-04-05,6167,202828,0,0
2047-04-06,6608,202828,0,0
2047-04-07,6411,202828,0,0
2047-04-08,6048,202828,0,0
2047-04-09,5844,202828,0,0
2047-04-10,5743,202828,0,0
2047-04-11,8127,202828,0,0
2047-04-12,7970,202828,0,0
2047-04-13,7359,202828,0,0
2047-04-14,6797,202828,0,0
2047-04-15,6314,202828,0,0
2047-04-16,5901,202828,0,0
2047-04-17,5545,202828,0,0
2047-04-18,5249,202828,0,0
2047-04-19,4984,202828,0,0
2047-04-20,6838,202828,0,0
2047-04-21,6838,202828,0,0
2047-04-22,6393,202828,0,0
2047-04-23,5950,202828,0,0
2047-04-24,5562,202828,0,0
2047-04-25,5228,202828,0,0
2047-04-26,4936,202828,0,0
2047-04-27,4679,202828,0,0
2047-04-28,4451,202828,0,0
2047-04-29,4247,202828,0,0
2047-04-30,4582,202828,0,0
2047-05-01,4577,202828,0,0
2047-05-02,4560,202828,0,0
2047-05-03,4456,202828,0,0
2047-05-04,4368,202828,0,0
2047-05-05,4277,202828,0,0
2047-05-06,4684,202828,0,0
2047-05-07,4641,202828,0,0
2047-05-08,4709,202828,0,0
2047-05-09,4526,202828,0,0
2047-05-10,4607,202828,0,0
2047-05-11,4863,202828,0,0
2047-05-12,5653,202828,0,0
2047-05-13,5522,202828,0,0
2047-05-14,5138,202828,0,0
2047-05-15,4759,202828,0,0
2047-05-16,4427,202828,0,0
2047-05-17,4140,202828,0,0
2047-05-18,4218,202828,0,0
2047-05-19,4486,202828,0,0
2047-05-20,5451,202828,0,0
2047-05-21,5440,202828,0,0
2047-05-22,5073,202828,0,0
2047-05-23,4688,202828,0,0
2047-05-24,4344,202828,0,0
2047-05-25,4052,202828,0,0
2047-05-26,3867,202828,0,0
2047-05-27,4651,202828,0,0
2047-05-28,4705,202828,0,0
2047-05-29,4549,202828,0,0
2047-05-30,5297,202828,0,0
2047-05-31,6821,202828,0,0
2047-06-01,6466,202828,0,0
2047-06-02,5799,202828,0,0
2047-06-03,5328,202828,0,0
2047-06-04,6404,202828,0,0
2047-06-05,6351,202828,0,0
2047-06-06,5793,202828,0,0
2047-06-07,5555,202828,0,0
2047-06-08,5977,202828,0,0
2047-06-09,5661,202828,0,0
2047-06-10,5201,202828,0,0
2047-06-11,4778,202828,0,0
2047-06-12,4414,202828,0,0
2047-06-13,4104,202828,0,0
2047-06-14,3918,202828,0,0
2047-06-15,3861,202828,0,0
2047-06-16,3722,202828,0,0
2047-06-17,3871,202828,0,0
2047-06-18,3831,202828,0,0
2047-06-19,3683,202828,0,0
2047-06-20,3518,202828,0,0
2047-06-21,6143,202828,0,0
2047-06-22,6435,202828,0,0
2047-06-23,6295,202828,0,0
2047-06-24,5774,202828,0,0
2047-06-25,5253,202828,0,0
2047-06-26,4807,202828,0,0
2047-06-27,4442,202828,0,0
2047-06-28,4124,202828,0,0
2047-06-29,3850,202828,0,0
2047-06-30,3611,202828,0,0
2047-07-01,3403,202828,0,0
2047-07-02,3204,202828,0,0
2047-07-03,3041,202828,0,0
2047-07-04,4840,202828,0,0
2047-07-05,5409,202828,0,0
2047-07-06,5174,202828,0,0
2047-07-07,4811,202828,0,0
2047-07-08,4471,202828,0,0
2047-07-09,4173,202828,0,0
2047-07-10,3915,202828,0,0
2047-07-11,3689,202828,0,0
2047-07-12,3491,202828,0,0
2047-07-13,3323,202828,0,0
2047-07-14,3170,202828,0,0
2047-07-15,3026,202828,0,0
2047-07-16,2895,202828,0,0
2047-07-17,2774,202828,0,0
2047-07-18,2661,202828,0,0
2047-07-19,2558,202828,0,0
2047-07-20,2466,202828,0,0
2047-07-21,2378,202828,0,0
2047-07-22,2295,202828,0,0
2047-07-23,2212,202828,0,0
2047-07-24,2136,202828,0,0
2047-07-25,2061,202828,0,0
2047-07-26,2007,202828,0,0
2047-07-27,1971,202799,0,0
2047-07-28,1938,202696,0,0
2047-07-29,1907,202522,0,0
2047-07-30,1877,202282,0,0
2047-07-31,1848,201981,0,0
2047-08-01,1795,201620,0,0
2047-08-02,1744,201169,0,0
2047-08-03,1691,200656,0,0
2047-08-04,1641,200064,0,0
2047-08-05,1592,199396,0,0
2047-08-06,1544,198655,0,0
2047-08-07,1500,197842,0,0
2047-08-08,1455,196963,0,0
2047-08-09,1413,196020,0,0
2047-08-10,1372,195017,0,0
2047-08-11,1332,193956,0,0
2047-08-12,1294,192837,0,0
2047-08-13,1257,191664,0,0
2047-08-14,1221,190437,0,0
2047-08-15,1202,189158,0,0
2047-08-16,1194,187842,0,0
2047-08-17,1184,186493,0,0
2047-08-18,1170,185111,0,0
2047-08-19,1153,183697,0,0
2047-08-20,1133,182252,0,0
2047-08-21,1133,180777,0,0
2047-08-22,1804,179297,0,0
2047-08-23,3098,178739,0,0
2047-08-24,3585,179496,0,0
2047-08-25,3498,181179,0,0
2047-08-26,3281,182777,0,0
2047-08-27,2929,184226,0,0
2047-08-28,2637,185600,0,0
2047-08-29,2374,186762,0,0
2047-08-30,2152,187630,0,0
2047-08-31,1963,188195,0,0
2047-09-01,1803,188470,0,0
2047-09-02,1666,188609,0,0
2047-09-03,1546,188512,0,0
2047-09-04,1546,188205,0,0
2047-09-05,1622,187830,0,0
2047-09-06,1705,187401,0,0
2047-09-07,1751,186964,0,0
2047-09-08,1784,186534,0,0
2047-09-09,1841,186126,0,0
2047-09-10,1849,185792,0,0
2047-09-11,2613,185499,0,0
2047-09-12,3637,186303,0,0
2047-09-13,3715,188445,0,0
2047-09-14,3375,190038,0,0
2047-09-15,2983,191476,0,0
2047-09-16,2629,192802,0,0
2047-09-17,2327,194041,0,0
2047-09-18,2074,195089,0,0
2047-09-19,1861,195498,0,0
2047-09-20,1763,195867,0,0
2047-09-21,1679,196116,0,0
2047-09-22,1604,196164,0,0
2047-09-23,1541,196033,0,0
2047-09-24,1483,195742,0,0
2047-09-25,1396,195308,0,0
2047-09-26,1336,194711,0,0
2047-09-27,1288,193999,0,0
2047-09-28,1260,193176,0,0
2047-09-29,2731,192275,0,0
2047-09-30,4664,193127,0,0
2047-10-01,4691,195468,0,0
2047-10-02,4111,197837,0,0
2047-10-03,3678,198666,0,0
2047-10-04,3870,199422,0,0
2047-10-05,3714,200247,0,0
2047-10-06,4321,201031,0,0
2047-10-07,4256,202053,0,0
2047-10-08,3891,202828,0,0
2047-10-09,3443,202828,0,0
2047-10-10,3027,202828,0,0
2047-10-11,2672,202828,0,0
2047-10-12,2372,202828,0,0
2047-10-13,2123,202828,0,0
2047-10-14,1913,202828,0,0
2047-10-15,1734,202828,0,0
2047-10-16,1554,202828,0,0
2047-10-17,1522,202828,0,0
2047-10-18,1526,202743,0,0
2047-10-19,2790,202545,0,0
2047-10-20,3817,202828,0,0
2047-10-21,3758,202828,0,0
2047-10-22,3425,202828,0,0
2047-10-23,3568,202828,0,0
2047-10-24,3696,202828,0,0
2047-10-25,3480,202828,0,0
2047-10-26,3137,202828,0,0
2047-10-27,3258,202828,0,0
2047-10-28,3344,202828,0,0
2047-10-29,3415,202828,0,0
2047-10-30,3588,202828,0,0
2047-10-31,3448,202828,0,0
2047-11-01,3160,202828,0,0
2047-11-02,2857,202828,0,0
2047-11-03,2589,202828,0,0
2047-11-04,2355,202828,0,0
2047-11-05,2155,202828,0,0
2047-11-06,2026,202828,0,0
2047-11-07,1914,202828,0,0
2047-11-08,2371,202828,0,0
2047-11-09,2745,202828,0,0
2047-11-10,3405,202828,0,0
2047-11-11,3716,202828,0,0
2047-11-12,3577,202828,0,0
2047-11-13,3288,202828,0,0
2047-11-14,2989,202828,0,0
2047-11-15,2723,202828,0,0
2047-11-16,2491,202828,0,0
2047-11-17,2294,202828,0,0
2047-11-18,2124,202828,0,0
2047-11-19,1991,202828,0,0
2047-11-20,1876,202828,0,0
2047-11-21,1771,202828,0,0
2047-11-22,1771,202828,0,0
2047-11-23,1719,202813,0,0
2047-11-24,1962,202675,0,0
2047-11-25,2686,202619,0,0
2047-11-26,2986,202828,0,0
2047-11-27,2886,202828,0,0
2047-11-28,3180,202828,0,0
2047-11-29,4210,202828,0,0
2047-11-30,4350,202828,0,0
2047-12-01,4027,202828,0,0
2047-12-02,3645,202828,0,0
2047-12-03,3291,202828,0,0
2047-12-04,3237,202828,0,0
2047-12-05,3112,202828,0,0
2047-12-06,2925,202828,0,0
2047-12-07,2725,202828,0,0
2047-12-08,2578,202828,0,0
2047-12-09,2436,202828,0,0
2047-12-10,2449,202828,0,0
2047-12-11,2799,202828,0,0
2047-12-12,4115,202828,0,0
2047-12-13,4430,202828,0,0
2047-12-14,6339,202828,0,0
2047-12-15,8399,202828,0,0
2047-12-16,7619,202828,0,0
2047-12-17,12594,202828,0,0
2047-12-18,12302,202828,0,0
2047-12-19,11014,202828,0,0
2047-12-20,9770,202828,0,0
2047-12-21,10779,202828,0,0
2047-12-22,9822,202828,0,0
2047-12-23,8881,202828,0,0
2047-12-24,8621,202828,0,0
2047-12-25,8294,202828,0,0
2047-12-26,8294,202828,0,0
2047-12-27,7745,202828,0,0
2047-12-28,7201,202828,0,0
2047-12-29,6726,202828,0,0
2047-12-30,6318,202828,0,0
2047-12-31,5963,202828,0,0
2048-01-01,5637,202828,0,0
2048-01-02,5444,202828,0,0
2048-01-03,5210,202828,0,0
2048-01-04,4978,202828,0,0
2048-01-05,4764,202828,0,0
2048-01-06,4572,202828,0,0
2048-01-07,4390,202828,0,0
2048-01-08,4224,202828,0,0
2048-01-09,6045,202828,0,0
2048-01-10,6204,202828,0,0
2048-01-11,5814,202828,0,0
2048-01-12,5392,202828,0,0
2048-01-13,5032,202828,0,0
2048-01-14,6073,202828,0,0
2048-01-15,6019,202828,0,0
2048-01-16,6062,202828,0,0
2048-01-17,5743,202828,0,0
2048-01-18,5515,202828,0,0
2048-01-19,5255,202828,0,0
2048-01-20,4964,202828,0,0
2048-01-21,4686,202828,0,0
2048-01-22,4440,202828,0,0
2048-01-23,4936,202828,0,0
2048-01-24,4905,202828,0,0
2048-01-25,5017,202828,0,0
2048-01-26,4832,202828,0,0
2048-01-27,4804,202828,0,0
2048-01-28,4612,202828,0,0
2048-01-29,5171,202828,0,0
2048-01-30,5121,202828,0,0
2048-01-31,4837,202828,0,0
2048-02-01,4541,202828,0,0
2048-02-02,4573,202828,0,0
2048-02-03,4427,202828,0,0
2048-02-04,4887,202828,0,0
2048-02-05,4836,202828,0,0
2048-02-06,5544,202828,0,0
2048-02-07,5468,202828,0,0
2048-02-08,5620,202828,0,0
2048-02-09,6486,202828,0,0
2048-02-10,7176,202828,0,0
2048-02-11,7079,202828,0,0
2048-02-12,6591,202828,0,0
2048-02-13,6188,202828,0,0
2048-02-14,5778,202828,0,0
2048-02-15,11324,202828,0,0
2048-02-16,10713,202828,0,0
2048-02-17,9710,202828,0,0
2048-02-18,9399,202828,0,0
2048-02-19,8673,202828,0,0
2048-02-20,8011,202828,0,0
2048-02-21,7449,202828,0,0
2048-02-22,6968,202828,0,0
2048-02-23,6553,202828,0,0
2048-02-24,6191,202828,0,0
2048-02-25,5872,202828,0,0
2048-02-26,5588,202828,0,0
2048-02-27,5333,202828,0,0
2048-02-28,5103,202828,0,0
2048-02-29,4892,202828,0,0
2048-03-01,4699,202828,0,0
2048-03-02,4519,202828,0,0
2048-03-03,4356,202828,0,0
2048-03-04,4198,202828,0,0
2048-03-05,4050,202828,0,0
2048-03-06,3910,202828,0,0
2048-03-07,3776,202828,0,0
2048-03-08,3648,202828,0,0
2048-03-09,3527,202828,0,0
2048-03-10,3411,202828,0,0
2048-03-11,3300,202828,0,0
2048-03-12,3193,202828,0,0
2048-03-13,3091,202828,0,0
2048-03-14,2992,202828,0,0
2048-03-15,2897,202828,0,0
2048-03-16,2805,202828,0,0
2048-03-17,2720,202828,0,0
2048-03-18,2636,202828,0,0
2048-03-19,2553,202828,0,0
2048-03-20,2472,202828,0,0
2048-03-21,2395,202828,0,0
2048-03-22,2319,202828,0,0
2048-03-23,2246,202828,0,0
2048-03-24,2186,202828,0,0
2048-03-25,2135,202828,0,0
2048-03-26,2393,202828,0,0
2048-03-27,3615,202828,0,0
2048-03-28,4258,202828,0,0
2048-03-29,4332,202828,0,0
2048-03-30,4153,202828,0,0
2048-03-31,3835,202828,0,0
2048-04-01,3704,202828,0,0
2048-04-02,3486,202828,0,0
2048-04-03,3230,202828,0,0
2048-04-04,3027,202828,0,0
2048-04-05,2833,202828,0,0
2048-04-06,2694,202828,0,0
2048-04-07,2717,202828,0,0
2048-04-08,2686,202828,0,0
2048-04-09,7523,202828,0,0
2048-04-10,9104,202828,0,0
2048-04-11,9130,202828,0,0
2048-04-12,9362,202828,0,0
2048-04-13,8552,202828,0,0
2048-04-14,7484,202828,0,0
2048-04-15,8715,202828,0,0
2048-04-16,8922,202828,0,0
2048-04-17,9794,202828,0,0
2048-04-18,9028,202828,0,0
2048-04-19,10149,202828,0,0
2048-04-20,11143,202828,0,0
2048-04-21,10022,202828,0,0
2048-04-22,8968,202828,0,0
2048-04-23,8121,202828,0,0
2048-04-24,8904,202828,0,0
2048-04-25,8298,202828,0,0
2048-04-26,7617,202828,0,0
2048-04-27,9674,202828,0,0
2048-04-28,11349,202828,0,0
2048-04-29,10626,202828,0,0
2048-04-30,13571,202828,0,0
2048-05-01,12420,202828,0,0
2048-05-02,11374,202828,0,0
2048-05-03,10432,202828,0,0
2048-05-04,9654,202828,0,0
2048-05-05,8989,202828,0,0
2048-05-06,8414,202828,0,0
2048-05-07,8069,202828,0,0
2048-05-08,7640,202828,0,0
2048-05-09,7243,202828,0,0
2048-05-10,7142,202828,0,0
2048-05-11,7084,202828,0,0
2048-05-12,7135,202828,0,0
2048-05-13,8113,202828,0,0
2048-05-14,7915,202828,0,0
2048-05-15,7479,202828,0,0
2048-05-16,7248,202828,0,0
2048-05-17,6988,202828,0,0
2048-05-18,7360,202828,0,0
2048-05-19,7087,202828,0,0
2048-05-20,6889,202828,0,0
2048-05-21,6566,202828,0,0
2048-05-22,6246,202828,0,0
2048-05-23,5954,202828,0,0
2048-05-24,5691,202828,0,0
2048-05-25,5451,202828,0,0
2048-05-26,5231,202828,0,0
2048-05-27,5028,202828,0,0
2048-05-28,6434,202828,0,0
2048-05-29,6634,202828,0,0
2048-05-30,6614,202828,0,0
2048-05-31,6511,202828,0,0
2048-06-01,6101,202828,0,0
2048-06-02,6253,202828,0,0
2048-06-03,9271,202828,0,0
2048-06-04,14041,202828,0,0
2048-06-05,12514,202828,0,0
2048-06-06,11063,202828,0,0
2048-06-07,9879,202828,0,0
2048-06-08,8920,202828,0,0
2048-06-09,8141,202828,0,0
2048-06-10,7533,202828,0,0
2048-06-11,7056,202828,0,0
2048-06-12,6580,202828,0,0
2048-06-13,6160,202828,0,0
2048-06-14,5795,202828,0,0
2048-06-15,7423,202828,0,0
2048-06-16,7305,202828,0,0
2048-06-17,6849,202828,0,0
2048-06-18,7358,202828,0,0
2048-06-19,7038,202828,0,0
2048-06-20,6606,202828,0,0
2048-06-21,6212,202828,0,0
2048-06-22,5865,202828,0,0
2048-06-23,5560,202828,0,0
2048-06-24,5288,202828,0,0
2048-06-25,5045,202828,0,0
2048-06-26,4825,202828,0,0
2048-06-27,4624,202828,0,0
2048-06-28,4448,202828,0,0
2048-06-29,4279,202828,0,0
2048-06-30,4120,202828,0,0
2048-07-01,4211,202828,0,0
2048-07-02,4177,202828,0,0
2048-07-03,4137,202828,0,0
2048-07-04,5803,202828,0,0
2048-07-05,5913,202828,0,0
2048-07-06,5514,202828,0,0
2048-07-07,5079,202828,0,0
2048-07-08,5008,202828,0,0
2048-07-09,5671,202828,0,0
2048-07-10,5570,202828,0,0
2048-07-11,5230,202828,0,0
2048-07-12,4872,202828,0,0
2048-07-13,4552,202828,0,0
2048-07-14,4900,202828,0,0
2048-07-15,4833,202828,0,0
2048-07-16,4597,202828,0,0
2048-07-17,4337,202828,0,0
2048-07-18,4099,202828,0,0
2048-07-19,3883,202828,0,0
2048-07-20,3692,202828,0,0
2048-07-21,3519,202828,0,0
2048-07-22,3364,202828,0,0
2048-07-23,3221,202828,0,0
2048-07-24,3128,202828,0,0
2048-07-25,3118,202828,0,0
2048-07-26,3227,202828,0,0
2048-07-27,3225,202828,0,0
2048-07-28,3133,202828,0,0
2048-07-29,6293,202828,0,0
2048-07-30,6666,202828,0,0
2048-07-31,6056,202828,0,0
2048-08-01,5453,202828,0,0
2048-08-02,4918,202828,0,0
2048-08-03,4470,202828,0,0
2048-08-04,4100,202828,0,0
2048-08-05,3787,202828,0,0
2048-08-06,3519,202828,0,0
2048-08-07,3289,202828,0,0
2048-08-08,3093,202828,0,0
2048-08-09,2918,202828,0,0
2048-08-10,2765,202828,0,0
2048-08-11,2633,202828,0,0
2048-08-12,3053,202828,0,0
2048-08-13,3269,202828,0,0
2048-08-14,3210,202828,0,0
2048-08-15,3182,202828,0,0
2048-08-16,3143,202828,0,0
2048-08-17,3017,202828,0,0
2048-08-18,2851,202828,0,0
2048-08-19,3584,202828,0,0
2048-08-20,5484,202828,0,0
2048-08-21,5646,202828,0,0
2048-08-22,5163,202828,0,0
2048-08-23,5070,202828,0,0
2048-08-24,4665,202828,0,0
2048-08-25,4210,202828,0,0
2048-08-26,3804,202828,0,0
2048-08-27,3461,202828,0,0
2048-08-28,3171,202828,0,0
2048-08-29,3076,202828,0,0
2048-08-30,2952,202828,0,0
2048-08-31,2801,202828,0,0
2048-09-01,2638,202828,0,0
2048-09-02,2484,202828,0,0
2048-09-03,2343,202828,0,0
2048-09-04,2235,202828,0,0
2048-09-05,2465,202828,0,0
2048-09-06,2631,202828,0,0
2048-09-07,2623,202828,0,0
2048-09-08,2572,202828,0,0
2048-09-09,2539,202828,0,0
2048-09-10,2456,202828,0,0
2048-09-11,3143,202828,0,0
2048-09-12,3532,202828,0,0
2048-09-13,3511,202828,0,0
2048-09-14,3310,202828,0,0
2048-09-15,3071,202828,0,0
2048-09-16,2844,202828,0,0
2048-09-17,2737,202828,0,0
2048-09-18,2631,202828,0,0
2048-09-19,2632,202828,0,0
2048-09-20,2594,202828,0,0
2048-09-21,2503,202828,0,0
2048-09-22,2388,202828,0,0
2048-09-23,2268,202828,0,0
2048-09-24,2152,202828,0,0
2048-09-25,2043,202828,0,0
2048-09-26,1949,202828,0,0
2048-09-27,1860,202828,0,0
2048-09-28,1816,202828,0,0
2048-09-29,1776,202755,0,0
2048-09-30,1739,202589,0,0
2048-10-01,1702,202424,0,0
2048-10-02,1640,202179,0,0
2048-10-03,1583,201829,0,0
2048-10-04,1531,201383,0,0
2048-10-05,1480,200848,0,0
2048-10-06,1431,200228,0,0
2048-10-07,1386,199528,0,0
2048-10-08,1342,198754,0,0
2048-10-09,1302,197907,0,0
2048-10-10,1262,196995,0,0
2048-10-11,1224,196018,0,0
2048-10-12,1200,194980,0,0
2048-10-13,1183,193904,0,0
2048-10-14,1169,192790,0,0
2048-10-15,1164,191637,0,0
2048-10-16,1166,190472,0,0
2048-10-17,1166,189290,0,0
2048-10-18,1160,188087,0,0
2048-10-19,1143,186863,0,0
2048-10-20,1133,185613,0,0
2048-10-21,1132,184355,0,0
2048-10-22,1136,183096,0,0
2048-10-23,1139,181830,0,0
2048-10-24,1139,180561,0,0
2048-10-25,1240,179319,0,0
2048-10-26,1385,178225,0,0
2048-10-27,1439,177279,0,0
2048-10-28,1439,176361,0,0
2048-10-29,1416,175410,0,0
2048-10-30,1416,174459,0,0
2048-10-31,1463,173573,0,0
2048-11-01,1671,172935,0,0
2048-11-02,1774,172567,0,0
2048-11-03,1775,172257,0,0
2048-11-04,1753,171874,0,0
2048-11-05,1749,171548,0,0
2048-11-06,1729,171282,0,0
2048-11-07,1695,171031,0,0
2048-11-08,1652,170763,0,0
2048-11-09,1595,170451,0,0
2048-11-10,1504,170066,0,0
2048-11-11,1422,169565,0,0
2048-11-12,1347,168948,0,0
2048-11-13,1278,168219,0,0
2048-11-14,1217,167381,0,0
2048-11-15,1160,166443,0,0
2048-11-16,1109,165408,0,0
2048-11-17,1062,164285,0,0
2048-11-18,1020,163078,0,0
2048-11-19,979,161796,0,0
2048-11-20,943,160442,0,0
2048-11-21,909,159022,0,0
2048-11-22,877,157540,0,0
2048-11-23,848,156002,0,0
2048-11-24,819,154410,0,0
2048-11-25,792,152766,0,0
2048-11-26,766,151077,0,0
2048-11-27,743,149345,0,0
2048-11-28,723,147576,0,0
2048-11-29,705,145872,0,0
2048-11-30,687,144136,0,0
2048-12-01,673,142286,0,0
2048-12-02,676,140412,0,0
2048-12-03,676,138538,0,0
2048-12-04,661,136664,0,0
2048-12-05,646,134790,0,0
2048-12-06,630,132916,0,0
2048-12-07,615,131042,0,0
2048-12-08,600,129168,0,0
2048-12-09,584,127294,0,0
2048-12-10,568,125420,0,0
2048-12-11,554,123546,0,0
2048-12-12,540,121672,0,0
2048-12-13,528,119798,0,0
2048-12-14,521,117924,0,0
2048-12-15,514,116050,0,0
2048-12-16,509,114176,0,0
2048-12-17,472,112302,0,1
2048-12-18,480,110883,0,1
2048-12-19,493,109472,0,1
2048-12-20,513,108077,0,1
2048-12-21,532,106688,0,1
2048-12-22,549,105299,0,1
2048-12-23,564,103907,0,1
2048-12-24,570,102510,0,1
2048-12-25,571,101107,0,1
2048-12-26,567,99699,0,1
2048-12-27,557,98286,0,1
2048-12-28,572,96869,0,1
2048-12-29,559,95490,0,1
2048-12-30,579,94111,0,1
2049-01-01,653,92528,0,1
2049-01-02,1306,91528,0,1
2049-01-03,2275,91620,0,1
2049-01-04,3487,93073,0,1
2049-01-05,3563,95562,0,1
2049-01-06,3262,98006,0,1
2049-01-07,2933,100277,0,1
2049-01-08,2749,102300,0,1
2049-01-09,2412,104230,0,1
2049-01-10,2356,105962,0,1
2049-01-11,2613,107702,0,1
2049-01-12,2857,109856,0,1
2049-01-13,2909,112070,0,1
2049-01-14,2765,114197,0,1
2049-01-15,2488,116197,0,1
2049-01-16,2239,118048,0,1
2049-01-17,2024,119517,0,1
2049-01-18,1839,120672,0,1
2049-01-19,1681,121558,0,1
2049-01-20,1546,122216,0,1
2049-01-21,1430,122680,0,1
2049-01-22,1328,122978,0,1
2049-01-23,1252,123133,0,1
2049-01-24,1169,123180,0,1
2049-01-25,1114,123087,0,1
2049-01-26,1122,122863,0,1
2049-01-27,1106,122569,0,1
2049-01-28,1088,122195,0,1
2049-01-29,1036,121760,0,1
2049-01-30,1021,121250,0,1
2049-01-31,926,120712,0,1
2049-02-01,899,120070,0,1
2049-02-02,840,119423,0,1
2049-02-03,800,118705,0,1
2049-02-04,770,117933,0,1
2049-02-05,738,117116,0,1
2049-02-06,700,116252,0,1
2049-02-07,701,115333,0,1
2049-02-08,706,114422,0,1
2049-02-09,842,113502,0,1
2049-02-10,1014,112791,0,1
2049-02-11,1298,112352,0,1
2049-02-12,1437,112196,0,1
2049-02-13,1459,112135,0,1
2049-02-14,1456,112038,0,1
2049-02-15,1470,111880,0,2
2049-02-16,1554,111977,0,2
2049-02-17,1658,112200,0,2
2049-02-18,1704,112662,0,2
2049-02-19,1696,112941,0,2
2049-02-20,1659,113265,0,2
2049-02-21,1562,113606,0,2
2049-02-22,1458,113881,0,2
2049-02-23,1362,114063,0,2
2049-02-24,1278,114142,0,2
2049-02-25,1202,114117,0,2
2049-02-26,1134,113987,0,2
2049-02-27,1072,113754,0,2
2049-02-28,1019,113425,0,2
2049-03-01,971,113007,0,2
2049-03-02,940,112548,0,2
2049-03-03,831,112038,0,2
2049-03-04,946,111440,0,2
2049-03-05,1063,110912,0,2
2049-03-06,1330,110488,0,2
2049-03-07,1644,110536,0,2
2049-03-08,1850,111111,0,2
2049-03-09,1982,111943,0,2
2049-03-10,2001,112867,0,2
2049-03-11,2174,113903,0,2
2049-03-12,2412,115205,0,2
2049-03-13,2634,116861,0,2
2049-03-14,2691,118840,0,2
2049-03-15,2691,120872,0,2
2049-03-16,2591,122800,0,2
2049-03-17,2485,124719,0,2
2049-03-18,2474,126532,0,2
2049-03-19,2474,128458,0,2
2049-03-20,2407,130352,0,2
2049-03-21,2262,132153,0,2
2049-03-22,2103,133799,0,2
2049-03-23,1951,135184,0,2
2049-03-24,1811,136329,0,2
2049-03-25,1687,137259,0,2
2049-03-26,1467,138002,0,1
2049-03-27,1467,138415,0,1
2049-03-28,1610,138951,0,1
2049-03-29,1900,139538,0,1
2049-03-30,2065,140415,0,1
2049-03-31,2073,141401,0,1
2049-04-01,2056,142397,0,1
2049-04-02,2056,143474,0,1
2049-04-03,2056,144618,0,1
2049-04-04,3229,145793,0,1
2049-04-05,3801,148457,0,1
2049-04-06,3634,151290,0,1
2049-04-07,3276,153890,0,1
2049-04-08,2923,155915,0,1
2049-04-09,2625,157554,0,1
2049-04-10,2535,159114,0,1
2049-04-11,2615,160687,0,1
2049-04-12,3212,162313,0,1
2049-04-13,3395,164297,0,1
2049-04-14,3255,166222,0,1
2049-04-15,3005,168025,0,1
2049-04-16,2747,169716,0,1
2049-04-17,2514,171318,0,1
2049-04-18,2339,172851,0,1
2049-04-19,2362,174351,0,1
2049-04-20,2468,175944,0,1
2049-04-21,2469,177608,0,1
2049-04-22,2378,179228,0,1
2049-04-23,2247,179958,0,1
2049-04-24,2109,180623,0,1
2049-04-25,1979,181240,0,1
2049-04-26,1910,181819,0,1
2049-04-27,1902,182399,0,1
2049-04-28,1878,183005,0,1
2049-04-29,1878,183597,0,1
2049-04-30,2687,184195,0,1
2049-05-01,3378,185191,0,0
2049-05-02,3441,186139,0,0
2049-05-03,3221,186981,0,0
2049-05-04,2950,187706,0,0
2049-05-05,2704,188336,0,0
2049-05-06,2483,188895,0,0
2049-05-07,2291,189397,0,0
2049-05-08,2121,189854,0,0
2049-05-09,1975,190275,0,0
2049-05-10,1865,190666,0,0
2049-05-11,2021,191035,0,0
2049-05-12,2322,191431,0,0
2049-05-13,2440,192010,0,0
2049-05-14,2377,192574,0,0
2049-05-15,2364,193075,0,0
2049-05-16,2524,193583,0,0
2049-05-17,9618,194143,0,0
2049-05-18,10102,195630,0,0
2049-05-19,8702,197117,0,0
2049-05-20,14343,198604,0,0
2049-05-21,13134,200091,0,0
2049-05-22,11432,201578,0,0
2049-05-23,10041,202828,0,0
2049-05-24,8917,202828,0,0
2049-05-25,8132,202828,0,0
2049-05-26,7375,202828,0,0
2049-05-27,6730,202828,0,0
2049-05-28,6195,202828,0,0
2049-05-29,9316,202828,0,0
2049-05-30,8883,202828,0,0
2049-05-31,8135,202828,0,0
2049-06-01,12200,202828,0,0
2049-06-02,11465,202828,0,0
2049-06-03,10420,202828,0,0
2049-06-04,9539,202828,0,0
2049-06-05,8804,202828,0,0
2049-06-06,8186,202828,0,0
2049-06-07,7727,202828,0,0
2049-06-08,7266,202828,0,0
2049-06-09,6854,202828,0,0
2049-06-10,6491,202828,0,0
2049-06-11,6169,202828,0,0
2049-06-12,5881,202828,0,0
2049-06-13,5622,202828,0,0
2049-06-14,5386,202828,0,0
2049-06-15,5188,202828,0,0
2049-06-16,4992,202828,0,0
2049-06-17,4804,202828,0,0
2049-06-18,4625,202828,0,0
2049-06-19,4466,202828,0,0
2049-06-20,4311,202828,0,0
2049-06-21,4164,202828,0,0
2049-06-22,4020,202828,0,0
2049-06-23,3884,202828,0,0
2049-06-24,3752,202828,0,0
2049-06-25,3628,202828,0,0
2049-06-26,3507,202828,0,0
2049-06-27,3393,202828,0,0
2049-06-28,3283,202828,0,0
2049-06-29,3177,202828,0,0
2049-06-30,3075,202828,0,0
2049-07-01,2976,202828,0,0
2049-07-02,2867,202828,0,0
2049-07-03,2776,202828,0,0
2049-07-04,2687,202828,0,0
2049-07-05,2601,202828,0,0
2049-07-06,2518,202828,0,0
2049-07-07,2439,202828,0,0
2049-07-08,2361,202828,0,0
2049-07-09,2286,202828,0,0
2049-07-10,2214,202828,0,0
2049-07-11,2144,202828,0,0
2049-07-12,2076,202828,0,0
2049-07-13,2041,202828,0,0
2049-07-14,2007,202762,0,0
2049-07-15,1975,202634,0,0
2049-07-16,1944,202445,0,0
2049-07-17,1912,202199,0,0
2049-07-18,1875,201899,0,0
2049-07-19,1820,201539,0,0
2049-07-20,1769,201102,0,0
2049-07-21,1717,200592,0,0
2049-07-22,1670,200008,0,0
2049-07-23,1622,199355,0,0
2049-07-24,1576,198635,0,0
2049-07-25,1532,197849,0,0
2049-07-26,1488,197001,0,0
2049-07-27,1445,196091,0,0
2049-07-28,1404,195122,0,0
2049-07-29,1362,194094,0,0
2049-07-30,1323,193008,0,0
2049-07-31,1284,191867,0,0
2049-08-01,1248,190672,0,0
2049-08-02,1216,189416,0,0
2049-08-03,1182,188128,0,0
2049-08-04,1148,186792,0,0
2049-08-05,1114,185407,0,0
2049-08-06,1083,183975,0,0
2049-08-07,1053,182498,0,0
2049-08-08,1023,180978,0,0
2049-08-09,995,179414,0,0
2049-08-10,966,177810,0,0
2049-08-11,940,176164,0,0
2049-08-12,914,174480,0,0
2049-08-13,889,172860,0,0
2049-08-14,871,171202,0,0
2049-08-15,860,169516,0,0
2049-08-16,856,167804,0,0
2049-08-17,847,166071,0,0
2049-08-18,838,164313,0,0
2049-08-19,826,162533,0,0
2049-08-20,811,160730,0,0
2049-08-21,793,158904,0,0
2049-08-22,774,157055,0,0
2049-08-23,753,155182,0,0
2049-08-24,733,153287,0,0
2049-08-25,713,151368,0,0
2049-08-26,707,149427,0,0
2049-08-27,703,147483,0,0
2049-08-28,684,145539,0,0
2049-08-29,665,143595,0,0
2049-08-30,647,141651,0,0
2049-08-31,629,139707,0,0
2049-09-01,614,137763,0,0
2049-09-02,566,135943,0,1
2049-09-03,551,134629,0,1
2049-09-04,534,133293,0,1
2049-09-05,520,131934,0,1
2049-09-06,506,130566,0,1
2049-09-07,490,129198,0,1
2049-09-08,477,127830,0,1
2049-09-09,463,126462,0,1
2049-09-10,452,125094,0,1
2049-09-11,439,123726,0,1
2049-09-12,550,122358,0,2
2049-09-13,538,121071,0,2
2049-09-14,527,119784,0,2
2049-09-15,516,118497,0,2
2049-09-16,505,117210,0,2
2049-09-17,495,115923,0,2
2049-09-18,485,114636,0,2
2049-09-19,475,113349,0,2
2049-09-20,465,112062,0,2
2049-09-21,456,110775,0,2
2049-09-22,458,109488,0,2
2049-09-23,455,108201,0,2
2049-09-24,455,106914,0,2
2049-09-25,449,105627,0,2
2049-09-26,455,104340,0,2
2049-09-27,723,103067,0,3
2049-09-28,950,102176,0,3
2049-09-29,1076,101768,0,3
2049-09-30,1701,101663,0,3
2049-10-01,1920,102356,0,2
2049-10-02,1920,103188,0,2
2049-10-03,1847,103936,0,2
2049-10-04,1781,104573,0,2
2049-10-05,1754,105145,0,2
2049-10-06,1650,105526,0,2
2049-10-07,1322,105743,0,2
2049-10-08,1271,105718,0,2
2049-10-09,1219,105687,0,2
2049-10-10,1153,105621,0,2
2049-10-11,1095,105499,0,2
2049-10-12,966,105301,0,2
2049-10-13,924,104943,0,2
2049-10-14,890,104524,0,2
2049-10-15,933,104036,0,2
2049-10-16,1155,103706,0,2
2049-10-17,1425,103566,0,2
2049-10-18,1466,103685,0,1
2049-10-19,1497,103723,0,1
2049-10-20,1496,103726,0,1
2049-10-21,1458,103662,0,1
2049-10-22,1366,103581,0,1
2049-10-23,1258,103484,0,1
2049-10-24,1160,103323,0,1
2049-10-25,1072,103083,0,1
2049-10-26,1034,102753,0,1
2049-10-27,932,102430,0,1
2049-10-28,964,101970,0,1
2049-10-29,988,101471,0,1
2049-10-30,1130,100932,0,1
2049-10-31,1292,100586,0,1
2049-11-01,1429,100455,0,1
2049-11-02,1526,100399,0,1
2049-11-03,1508,100387,0,1
2049-11-04,1508,100380,0,1
2049-11-05,1492,100366,0,1
2049-11-06,1451,100398,0,1
2049-11-07,1352,100432,0,1
2049-11-08,1257,100390,0,1
2049-11-09,1066,100257,0,1
2049-11-10,1036,99948,0,1
2049-11-11,956,99584,0,1
2049-11-12,1158,99114,0,1
2049-11-13,1387,98859,0,1
2049-11-14,1656,98869,0,1
2049-11-15,1802,99348,0,1
2049-11-16,2397,100011,0,1
2049-11-17,2719,101621,0,1
2049-11-18,2719,103569,0,1
2049-11-19,2639,105409,0,1
2049-11-20,2390,107132,0,1
2049-11-21,2138,108777,0,1
2049-11-22,2107,110083,0,1
2049-11-23,2111,111454,0,1
2049-11-24,2714,112808,0,0
2049-11-25,3192,113943,0,0
2049-11-26,3192,115599,0,0
2049-11-27,2944,117159,0,0
2049-11-28,2914,118761,0,0
2049-11-29,2914,120414,0,0
2049-11-30,2883,122091,0,0
2049-12-01,2868,123669,0,0
2049-12-02,2884,125180,0,0
2049-12-03,2818,126708,0,0
2049-12-04,2542,128174,0,0
2049-12-05,2192,129390,0,0
2049-12-06,2079,130227,0,0
2049-12-07,2027,130925,0,0
2049-12-08,1977,131492,0,0
2049-12-09,1886,131924,0,0
2049-12-10,1829,132185,0,0
2049-12-11,1790,132346,0,0
2049-12-12,1663,132383,0,0
2049-12-13,1414,132217,0,0
2049-12-14,1467,131754,0,0
2049-12-15,1555,131363,0,0
2049-12-16,1585,130978,0,0
2049-12-17,1585,130561,0,0
2049-12-18,1566,130130,0,0
2049-12-19,1526,129686,0,0
2049-12-20,1479,129210,0,0
2049-12-21,1431,128683,0,0
2049-12-22,1347,128093,0,0
2049-12-23,1328,127419,0,0
2049-12-24,1327,126686,0,0
2049-12-25,1327,125922,0,0
2049-12-26,1350,125128,0,0
2049-12-27,1369,124307,0,0
2049-12-28,1363,123468,0,0
2049-12-29,1363,122626,0,0
2049-12-30,1362,121776,0,0
2049-12-31,1315,120896,0,0
2050-01-01,1315,119760,0,0
2050-01-02,1315,118960,0,0
2050-01-03,1315,118139,0,0
2050-01-04,1175,117300,0,0
2050-01-05,1079,116309,0,1
2050-01-06,1045,115890,0,1
2050-01-07,1026,115439,0,1
2050-01-08,1012,114957,0,1
